0
1
5
8
11
18
19
21
28
32
34
35
36
42
43
46
47
49
50
51
57
59
60
62
69
72
73
74
79
87
89
90
93
95
96
98
102
103
104
105
107
111
113
122
123
124
127
128
130
131
133
135
138
139
142
152
155
156
169
175
176
178
179
183
184
185
189
192
199
202
204
209
211
213
214
218
219
220
224
228
236
240
245
249
250
255
256
258
261
262
263
265
267
269
270
273
276
278
285
287
288
292
293
300
303
305
313
314
321
323
324
325
326
330
333
336
337
338
342
345
346
348
352
355
359
361
364
365
366
367
368
369
372
375
379
380
381
384
387
388
391
392
394
396
397
401
402
403
405
408
409
412
413
419
420
421
429
433
434
435
437
439
440
441
444
446
447
448
451
453
460
464
467
468
472
477
478
479
483
485
487
488
491
496
501
504
509
510
513
517
520
521
523
524
526
527
528
529
531
534
535
539
543
544
546
547
548
550
553
560
564
567
569
570
571
574
578
581
582
584
589
591
592
594
599
600
603
604
605
607
608
611
613
614
619
620
621
622
625
626
629
636
639
640
642
643
644
645
647
653
655
657
658
660
661
665
667
674
675
676
683
685
687
689
690
693
694
696
699
700
703
711
712
713
714
716
717
720
722
723
730
732
733
746
748
752
753
760
762
765
766
768
770
771
780
781
782
787
788
789
791
792
793
796
798
799
806
808
809
812
815
816
817
822
824
828
830
831
833
834
835
839
840
841
843
844
848
850
851
852
857
863
864
866
867
868
873
876
880
885
887
888
890
892
895
896
899
900
902
903
905
906
908
911
916
923
924
926
927
928
930
931
932
933
935
939
940
943
944
945
947
949
951
956
73866
73868
73869
73871
73875
73877
73880
73881
73883
73886
73888
73890
73893
73897
73899
73902
73903
73908
73912
73913
73914
73915
73918
73920
73921
73922
73928
73932
73933
73936
73941
73942
73944
73954
73958
73959
73964
73970
73972
73981
73982
73983
73987
73991
73992
73996
74009
74010
74012
74014
74015
74017
74024
74025
74026
74032
74037
74041
74043
74044
74051
74054
74056
74062
74069
74072
74075
74076
74077
74079
74081
74085
74089
74092
74100
74102
74105
74106
74111
74112
74116
74119
74122
74125
74126
74127
74129
74134
74138
74139
74140
74145
74146
74155
74157
74158
74161
74162
74164
74167
74171
74173
74175
74177
74180
74186
74195
74200
74201
74205
74208
74209
74210
74212
74213
74218
74221
74224
74230
74231
74237
74239
74245
74247
74248
74249
74253
74262
74266
74268
74269
74270
74276
74277
74281
74284
74286
74287
74292
74293
74299
74301
74302
74303
74304
74306
74308
74313
74319
74320
74321
74322
74326
74327
74330
74333
74334
74342
74349
74350
74351
74356
74357
74359
74363
74365
74371
74374
74376
74381
74385
74386
74394
74400
74407
74410
74411
74414
74421
74424
74426
74427
74429
74430
74432
74436
74440
74441
74444
74445
74448
74455
74458
74459
74464
74466
74469
74470
74471
74472
74474
74477
74479
74480
74483
74484
74485
74486
74487
74491
74493
74494
74495
74497
74501
74505
74507
74508
74514
74517
74519
74522
74524
74525
74526
74528
74532
74534
74536
74540
74542
74545
74546
74547
74554
74560
74562
74564
74565
74567
74569
74571
74572
74573
74574
74576
74577
74584
74585
74590
74598
74600
74602
74603
74604
74607
74611
74613
74616
74618
74620
74624
74626
74627
74629
74633
74635
74639
74647
74652
74653
74654
74655
74657
74659
74660
74663
74664
74669
74670
74672
74673
74676
74677
74678
74679
74682
74684
74693
74694
74695
74699
74701
74706
74712
74717
74718
74721
74723
74731
74732
74733
74734
74737
74738
74741
74744
74745
74748
74749
74751
74753
74757
74758
74761
74766
74767
74770
74773
74778
74780
74785
74789
74792
74798
74803
74804
74808
74814
74818
74820
74825
74829
74831
74832
74833
74835
74841
74850
74851
74857
74858
74859
74861
74862
74867
74870
74871
74874
74877
74878
74884
74885
74886
74887
74890
74896
74903
74904
74905
74910
74911
74912
74913
74917
74926
74932
74933
74936
74937
74939
74940
74943
74947
74951
74954
74955
74958
74963
74964
74972
74975
74977
74978
74979
74989
74990
74991
74993
74995
74997
74998
75000
75001
75021
75028
75031
75032
75038
75042
75049
75051
75053
75054
75058
75060
75063
75066
75068
75069
75071
75074
75079
75080
75083
75087
75088
75090
75092
75101
75102
75104
75105
75108
75109
75111
75113
75117
75118
75119
75120
75121
75123
75124
75125
75126
75130
75133
75136
75140
75141
75142
75143
75146
75154
75157
75159
75160
75162
75167
75168
75169
75170
75173
75174
75175
75176
75177
75178
75179
75183
75184
75186
75189
75192
75193
75194
75200
75201
75205
75207
75212
75221
75225
75230
75232
75240
75241
75247
75254
75258
75259
75260
75262
75264
75269
75275
75278
75281
75283
75285
75288
75290
75296
75301
75302
75303
75305
75316
75319
75320
75322
75323
75324
75327
75328
75329
75333
75334
75339
75341
75342
75343
75345
75346
75349
75352
75356
75361
75364
75370
75371
75372
75376
75377
75380
75381
75383
75386
75391
75392
75393
75394
75397
75401
75404
75406
75409
75410
75414
75417
75418
75423
75425
75427
75429
75430
75431
75432
75433
75434
75438
75439
75441
75442
75447
75449
75451
75454
75458
75463
75464
75465
75468
75469
75471
75472
75478
75479
75480
75485
75486
75488
75492
75500
75504
75508
75512
75516
75519
75521
75524
75530
75534
75537
75540
75541
75542
75544
75545
75546
75549
75555
75556
75557
75558
75561
75562
75565
75566
75568
75572
75574
75578
75586
75588
75592
75594
75597
75598
75600
75608
75610
75614
75616
75618
75619
75622
75626
75629
75632
75633
75635
75637
75639
75640
75646
75647
75653
75655
75657
75659
75663
75671
75676
75679
75680
75682
75683
75684
75686
75687
75689
75692
75693
75696
75697
75700
75702
75703
75705
75711
75717
75726
75727
75729
75730
75733
75735
75736
75738
75739
75740
75741
75744
75749
75753
75754
75759
75761
75763
75765
75766
75768
75769
75772
75773
75774
75775
75779
75782
75787
75792
75797
75799
75810
75811
75812
75815
75817
75818
75827
75829
75835
75844
75847
75848
75849
75854
75855
75860
75861
75865
75867
75868
75872
75873
75875
75876
75878
75886
75887
75894
75895
75896
75897
75898
75906
75908
75910
75914
75915
75917
75920
75921
75926
75928
75931
75932
75934
75936
75938
75941
75942
75943
75949
75950
75953
75969
75970
75973
75975
75978
75981
75982
75983
75986
75988
75989
75990
75994
75996
75998
76000
76001
76003
76005
76006
76009
76012
76015
76022
76027
76032
76049
76051
76061
76062
76067
76073
76075
76076
76078
76081
76087
76090
76092
76094
76096
76098
76103
76104
76105
76108
76109
76110
76113
76116
76119
76124
76127
76128
76133
76137
76141
76145
76146
76147
76148
76150
76155
76156
76161
76166
76170
76176
76177
76186
76189
76195
76199
76201
76203
76208
76209
76212
76214
76216
76217
76218
76219
76220
76221
76223
76226
76230
76231
76232
76236
76237
76239
76240
76241
76242
76248
76249
76254
76258
76265
76266
76269
76271
76274
76276
76277
76283
76287
76291
76292
76301
76306
76308
76311
76315
76316
76318
76320
76325
76326
76328
76332
76339
76340
76342
76354
76357
76361
76362
76365
76366
76368
76376
76378
76379
76382
76383
76387
76388
76391
76393
76394
76396
76398
76401
76403
76405
76406
76407
76408
76409
76418
76423
76426
76433
76434
76435
76436
76437
76444
76445
76447
76449
76450
76454
76457
76463
76472
76475
76478
76480
76486
76488
76495
76499
76501
76503
76505
76507
76508
76510
76511
76514
76515
76517
76519
76520
76521
76523
76529
76531
76532
76533
76537
76538
76540
76541
76542
76544
76551
76552
76553
76564
76567
76569
76571
76572
76574
76576
76580
76587
76591
76593
76594
76596
76597
76598
76606
76607
76609
76612
76615
76619
76624
76626
76630
76632
76636
76641
76645
76646
76649
76651
76654
76664
76666
76672
76675
76681
76687
76688
76690
76691
76694
76695
76697
76698
76699
76700
76701
76705
76707
76714
76715
76717
76718
76720
76721
76724
76725
76728
76729
76730
76731
76733
76739
76746
76748
76750
76752
76755
76759
76760
76761
76762
76765
76766
76767
76773
76776
76779
76781
76782
76783
76790
76792
76799
76800
76801
76803
76811
76812
76814
76815
76817
76828
76834
76835
76836
76837
76838
76840
76841
76842
76851
76858
76860
76863
76868
76870
76878
76879
76882
76885
76886
76891
76893
76894
76895
76897
76899
76902
76906
76911
76913
76916
76918
76920
76922
76925
76935
76936
76940
76942
76943
76944
76948
76949
76951
76954
76955
76957
76958
76960
76961
76962
76963
76964
76965
76968
76976
76985
76987
76988
76991
76996
77001
77005
77006
77012
77013
77015
77019
77020
77023
77024
77031
77036
77037
77045
77049
77059
77060
77067
77068
77072
77074
77076
77077
77079
77081
77088
77090
77092
77094
77098
77099
77100
77101
77106
77107
77114
77121
77127
77130
77131
77133
77134
77137
77138
77143
77144
77145
77147
77151
77152
77153
77154
77155
77158
77160
77164
77169
77178
77180
77182
77192
77196
77197
77198
77201
77203
77205
77209
77210
77212
77213
77215
77221
77223
77226
77227
77228
77229
77230
77231
77236
77240
77243
77245
77250
77252
77254
77256
77263
77266
77270
77272
77273
77274
77275
77277
77284
77285
77291
77293
77299
77300
77306
77307
77314
77315
77316
77317
77321
77323
77326
77327
77331
77332
77334
77336
77338
77339
77340
77344
77345
77348
77351
77353
77354
77355
77357
77361
77368
77370
77375
77376
77377
77379
77382
77383
77384
77385
77388
77392
77394
77401
77408
77415
77416
77417
77418
77419
77422
77425
77429
77430
77432
77434
77436
77439
77442
77444
77447
77448
77451
77452
77453
77454
77457
77458
77459
77464
77467
77468
77469
77471
77473
77478
77480
77481
77483
77488
77490
77491
77492
77494
77503
77506
77509
77516
77517
77519
77520
77526
77530
77538
77542
77543
77545
77547
77552
77553
77554
77556
77557
77559
77560
77562
77563
77566
77572
77573
77574
77575
77583
77584
77588
77593
77596
77597
77598
77605
77607
77608
77609
77611
77614
77616
77620
77622
77623
77625
77626
77627
77628
77630
77631
77633
77634
77641
77647
77649
77653
77654
77660
77661
77666
77668
77669
77673
77674
77676
77680
77681
77684
77687
77689
77691
77692
77694
77698
77699
77702
77705
77706
77708
77710
77712
77713
77727
77729
77733
77736
77739
77740
77741
77742
77743
77745
77748
77750
77752
77753
77761
77762
77765
77766
77767
77769
77770
77771
77773
77775
77777
77780
77781
77787
77788
77789
77790
77797
77804
77806
77811
77814
77815
77821
77824
77826
77828
77830
77831
77832
77835
77837
77839
77847
77848
77851
77856
77858
77865
77872
77873
77874
77877
77879
77881
77890
77893
77897
77902
77904
77908
77913
77915
77916
77919
77920
77922
77925
77929
77931
77932
77933
77934
77942
77947
77949
77950
77951
77953
77957
77961
77962
77963
77968
77969
77970
77971
77975
77977
77983
77984
77991
77995
77997
77999
78003
78007
78009
78011
78012
78013
78014
78015
78016
78018
78020
78028
78030
78032
78034
78035
78036
78037
78038
78047
78048
78052
78053
78054
78069
78070
78071
78073
78074
78077
78081
78083
78086
78088
78097
78105
78106
78107
78110
78115
78118
78120
78121
78122
78124
78126
78129
78132
78137
78142
78144
78154
78158
78161
78164
78172
78175
78176
78178
78180
78190
78191
78193
78202
78208
78211
78212
78213
78216
78222
78226
78228
78230
78232
78233
78234
78237
78238
78239
78247
78252
78254
78262
78272
78273
78275
78276
78279
78282
78286
78291
78292
78295
78301
78314
78318
78324
78334
78338
78342
78343
78344
78349
78356
78358
78360
78366
78367
78368
78371
78374
78377
78378
78383
78386
78387
78388
78389
78390
78396
78403
78406
78409
78411
78413
78415
78417
78421
78424
78425
78427
78432
78433
78437
78439
78440
78441
78449
78451
78455
78456
78459
78462
78464
78465
78468
78472
78475
78478
78481
78483
78488
78494
78501
78502
78507
78511
78514
78518
78522
78523
78529
78530
78535
78536
78537
78541
78542
78545
78548
78549
78550
78551
78556
78559
78560
78561
78562
78564
78569
78572
78576
78579
78580
78581
78582
78584
78585
78589
78592
78594
78595
78598
78600
78601
78605
78606
78612
78615
78620
78622
78627
78633
78641
78643
78645
78647
