27881
27886
27927
27977
27982
27990
27992
27993
27994
28105
28223
28247
28311
28349
28370
28371
28372
28373
28375
28376
28377
28378
28379
28380
28381
28382
28383
28388
28390
28391
28402
28406
28409
28410
28450
28456
28457
28458
28459
28460
28461
28462
28489
28490
28491
28492
28493
28494
28495
28499
28500
28501
28502
28503
28509
28510
28524
28525
28526
28527
28528
28529
28589
28590
28681
28713
28725
28726
28727
28728
28729
28730
28731
28732
28733
28734
28737
28738
28774
28775
28776
28777
28800
28802
28814
28815
28816
28817
28818
28819
28820
28821
28822
28866
28867
28879
28883
28884
28885
28886
28900
28901
28902
28903
28904
28953
28954
28955
28962
28991
28992
29012
29013
29014
29015
29016
29017
29018
29019
29020
29022
29044
29056
29057
29065
29075
29080
29082
29083
29084
29091
29096
29097
29098
29100
29120
29121
29122
29123
29124
29125
29139
29140
29151
29152
29153
29154
29155
29156
29157
29158
29159
29197
29198
29199
29200
29201
29202
29203
29204
29205
29206
29207
29208
29209
29210
29223
29224
29225
29248
29249
29250
29251
29252
29253
29254
29261
29262
29297
29298
29299
29300
29301
29302
29303
29311
29312
29313
29314
29315
29316
29317
29318
29319
29320
29321
29322
29323
29325
29375
29376
29395
29396
29397
29407
29408
29420
29421
29450
29456
29457
29458
29459
29460
29461
29462
29463
29464
29465
29466
29467
29469
29470
29471
29472
29487
29488
29489
29518
29519
29520
29531
29532
29534
29553
29554
29555
29556
29558
29559
29560
29561
29591
29592
29599
29642
29644
29645
29646
29647
29649
29650
29654
29675
29676
29699
29700
29701
29708
29709
29710
29711
29712
29713
29714
29715
29716
29756
29781
29782
29784
29785
29786
29810
29812
29813
29851
29852
29864
29865
29866
29867
29868
29869
29870
29876
29877
29878
29879
29886
29891
29924
29931
29932
29933
29935
29936
29940
29941
29942
29959
29960
29961
29962
29963
29964
29965
29966
29969
29970
29971
29972
29999
30000
30001
30002
30003
30007
30016
30017
30018
30019
30020
30033
30034
30058
30059
30060
30061
30062
30063
30064
30068
30069
30071
30084
30085
30086
30088
30089
30090
30091
30092
30094
30096
30097
30098
30121
30122
30123
30141
30142
30143
30144
30145
30149
30150
30151
30181
30182
30183
30190
30191
30202
30204
30205
30206
30207
30208
30209
30210
30211
30214
30215
30218
30220
30249
30250
30283
30303
30304
30313
30314
30315
30343
30344
30345
30346
30353
30389
30405
30415
30423
30424
30425
30426
30427
30428
30429
30444
30445
30447
30490
30491
30492
30500
30501
30502
30525
30549
30550
30551
30556
30563
30564
30565
30566
30567
30568
30569
30581
30586
30599
30614
30634
30635
30636
30637
30638
30639
30640
30646
30660
30667
30668
30669
30674
30675
30679
30680
30682
30696
30700
30701
30713
30736
30737
30747
30749
30757
30765
30766
30767
30789
30799
30800
30801
30802
30803
30804
30805
30827
30828
30829
30830
30831
30833
30834
30835
30836
30837
30849
30864
30865
30866
30930
30933
30936
30941
30949
30950
30951
30952
30955
30959
30960
30961
30972
30973
30988
30991
30992
30993
30994
30995
30996
30998
30999
31000
31001
31002
31013
31014
31015
31016
31017
31019
31020
31036
31037
31073
31075
31076
31078
31079
31080
31081
31084
31085
31086
31087
31088
31089
31103
31165
31167
31168
31171
31175
31178
31181
31183
31184
31195
31197
31201
31212
31213
31214
31227
31229
31230
31231
31243
31245
31264
31265
31266
31267
31268
31269
31271
31273
31275
31276
31277
31291
31292
31305
31306
31320
31325
31331
31332
31333
31334
31335
31336
31337
31351
31352
31353
31354
31355
31356
31357
31358
31359
31364
31365
31366
31367
31371
31372
31385
31386
31395
31396
31398
31403
31420
31421
31422
31425
31434
31435
31437
31438
31440
31441
31442
31445
31449
31451
31473
31486
31492
31493
31533
31539
31540
31541
31542
31547
31549
31550
31559
31590
31606
31607
31629
31635
31637
31638
31639
31640
31641
31642
31643
31645
31669
31696
31697
31698
31699
31700
31701
31702
31703
31704
31706
31707
31713
31715
31717
31720
31721
31743
31744
31745
31763
31779
31785
31787
31788
31789
31790
31791
31792
31794
31807
31809
31810
31832
31864
31867
31868
31869
31870
31871
31872
31882
31911
31913
31914
31915
31916
31926
31928
31930
31931
31932
31933
31934
31935
31944
31951
31952
31953
31954
31976
31978
32012
32035
32037
32038
32039
32041
32061
32062
32063
32064
32065
32069
32072
32090
32091
32092
32093
32094
32095
32110
32111
32112
32113
32114
32124
32125
32127
32128
32129
32130
32131
32153
32154
32155
32157
32173
32174
32181
32182
32183
32184
32185
32186
32187
32188
32189
32190
32198
32200
32201
32203
32204
32205
32206
32207
32208
32209
32210
32211
32226
32241
32243
32244
32245
32246
32247
32248
32264
32266
32267
32295
32296
32297
32298
32303
32314
32315
32316
32317
32318
32339
32341
32342
32343
32345
32346
32347
32348
32351
32358
32386
32390
32391
32392
32393
32397
32398
32399
32405
32418
32427
32450
32451
32452
32453
32454
32472
32507
32508
32509
32510
32516
32517
32518
32519
32531
32568
32575
32577
32609
32612
32613
32614
32615
32616
32617
32619
32627
32628
32630
32632
32633
32634
32635
32636
32637
32638
32639
32650
32657
32658
32659
32660
32678
32680
32689
32690
32691
32692
32701
32702
32703
32704
32705
32706
32707
32713
32718
32719
32720
32721
32735
32736
32739
32741
32742
32746
32750
32751
32752
32753
32754
32755
32756
32757
32758
32772
32774
32776
32777
32778
32791
32798
32799
32800
32801
32802
32803
32804
32809
32816
32817
32818
32853
32854
32870
32871
32872
32873
32874
32875
32876
32879
32880
32881
32882
32883
32885
32928
32937
32938
32939
32940
32941
32942
32943
32944
32947
32948
32949
32950
32952
33001
33002
33024
33025
33026
33034
33035
33036
33037
33038
33039
33040
33046
33079
33080
33088
33089
33091
33093
33094
33095
33098
33099
33108
33115
33116
33118
33119
33128
33129
33131
33132
33133
33134
33135
33136
33137
33173
33174
33175
33176
33177
33178
33179
33180
33185
33187
33188
33190
33191
33192
33193
33194
33198
33200
33201
33202
33203
33204
33205
33211
33213
33214
33217
33246
33247
33248
33252
33253
33256
33274
33282
33285
33294
33324
33325
33326
33327
33329
33330
33331
33355
33358
33369
33370
33371
33372
33373
33392
33393
33394
33395
33397
33398
33402
33403
33420
33421
33425
33426
33433
33438
33440
33441
33442
33444
33447
33516
33545
33546
33563
33564
33565
33566
33567
33568
33569
33570
33578
33579
33580
33588
33596
33597
33598
33599
33606
33616
33619
33620
33627
33628
33638
33639
33651
33652
33657
33668
33669
33670
33671
33672
33673
33675
33676
33678
33679
33680
33681
33682
33684
33708
33715
33738
33744
33745
33749
33750
33751
33752
33765
33776
33777
33778
33779
33790
33791
33792
33793
33794
33813
33814
33818
33819
33821
33823
33834
33853
33854
33855
33856
33881
33882
33883
33884
33885
33886
33910
33922
33923
33924
33925
33926
33947
33948
33949
33950
33951
33952
33956
33957
33958
33959
33966
33984
33988
33989
33990
33991
33992
33993
33994
33995
33996
34019
34020
34021
34022
34023
34024
34025
34040
34051
34052
34053
34058
34059
34060
34061
34062
34077
34078
34088
34090
34092
34093
34119
34141
34179
34184
34185
34186
34187
34188
34189
34220
34224
34244
34245
34246
34257
34264
34269
34290
34291
34292
34294
34295
34301
34302
34303
34304
34317
34325
34326
34327
34338
34339
34340
34343
34344
34345
34346
34373
34374
34382
34383
34384
34390
34391
34392
34393
34394
34395
34396
34397
34398
34399
34400
34402
34403
34404
34418
34420
34451
34511
34512
34514
34540
34548
34549
34550
34562
34569
34581
34628
34631
34669
34698
34699
34716
34744
34745
34751
34752
34771
34783
34809
34821
34863
34867
34884
34885
34886
34887
34922
34923
34936
34947
34948
34972
34973
34979
34985
35000
35023
35024
35026
35027
35042
35044
35047
35048
35049
35050
35051
35052
35053
35054
35060
35061
35062
35065
35066
35071
35072
35073
35074
35079
35091
35092
35094
35100
35115
35125
35138
35139
35140
35141
35172
35209
35210
35223
35229
35257
35258
35259
35277
35279
35284
35297
35298
35299
35300
35301
35304
35305
35306
35321
35322
35323
35324
35325
35368
35381
35382
35383
35385
35386
35418
35419
35421
35430
35431
35432
35436
35437
35471
35472
35473
35492
35509
35510
35511
35541
35559
35588
35632
35633
35634
35635
35645
35661
35662
35675
35676
35677
35692
35764
35771
35772
35799
35861
35873
35882
35917
35986
36002
36037
36038
36067
36115
36162
36192
36201
36219
36265
36273
36304
36305
36328
36476
36549
36553
36554
36560
36570
36598
36607
36608
36617
36633
36643
36644
36649
36680
36721
36722
36723
36791
36852
36902
36919
36927
36931
36945
36964
37018
37091
37095
37109
37133
37138
37143
37150
37157
37206
37207
37261
37301
37306
37345
37382
37442
37453
37456
37476
37477
37505
37522
37528
37568
37575
37640
37676
37688
37697
37792
37867
37893
37896
37903
37910
37919
37920
37922
37923
37924
37927
37931
37934
37936
37947
37949
37969
37974
37976
37979
37982
37992
38005
38007
38015
38023
38025
38050
38062
38066
38074
38076
38077
38080
38083
38091
38095
38097
38117
38119
38159
38160
38163
38164
38168
38171
38194
38232
38233
38234
38235
38236
38237
38248
38256
38280
38281
38282
38288
38289
38290
38313
38334
38338
38342
38352
38354
38355
38364
38367
38377
38378
38380
38381
38385
38387
38389
38390
38415
38422
38428
38430
38437
38438
38439
38445
38446
38447
38449
38483
38484
38485
38486
38487
38488
38499
38545
38549
38552
38559
38619
38620
38621
38629
38638
38643
38649
38667
38672
38691
38697
38709
38710
38713
38719
38720
38722
38724
38725
38731
38736
38746
38759
38760
38761
38762
38770
38775
38778
38780
38801
38829
38831
38834
39138
39139
39140
39141
39142
39193
39197
39198
39209
39211
39212
39213
39222
39223
39224
39226
39227
39228
39229
39233
39237
39238
39239
39242
39244
39264
39265
39266
39268
39269
39270
39281
39283
39284
39297
39298
39299
39300
39301
39302
39303
39304
39319
39324
39325
39326
39327
39330
39384
39385
39412
39413
39414
39415
39452
39454
39455
39456
39477
39478
39479
39480
39481
39482
39483
39484
39485
39486
39511
39512
39513
39515
39516
39525
39526
39527
39528
39542
39543
39544
39545
39594
39596
39598
39599
39600
39609
39610
39611
39612
39624
39625
39631
39632
39633
39634
39674
39675
39676
39679
39688
39689
39690
39691
39700
39701
39702
39703
39704
39705
39706
39707
39708
39709
39710
39711
39712
39714
39718
39719
39720
39721
39722
39723
39724
39730
39731
39732
39733
39734
39737
39761
39762
39763
39764
39766
39774
39775
39776
39777
39781
39782
39783
39784
39785
39786
39787
39788
39817
39825
39826
39827
39828
39829
39830
39833
39834
39835
39836
39837
39847
39848
39849
39850
39851
39858
39862
39863
39864
39865
39866
39867
39868
39878
39906
39907
39908
39909
39910
39914
39915
39916
39917
39922
39923
39924
39925
39926
39976
39986
39988
39990
39991
40012
40013
40014
40015
40016
40017
40018
40019
40020
40021
40022
40023
40024
40026
40027
40028
40029
40030
40031
40032
40048
40049
40050
40051
40052
40054
40055
40061
40062
40078
40079
40091
40092
40093
40094
40095
40096
40097
40098
40099
40100
40102
40103
40104
40105
40106
40107
40108
40110
40112
40113
40114
40115
40116
40121
40131
40151
40152
40153
40157
40158
40159
40169
40178
40179
40180
40181
40182
40183
40187
40188
40200
40210
40223
40225
40259
40260
40262
40264
40266
40267
40269
40272
40279
40285
40286
40291
40294
40295
40296
40322
40323
40324
40325
40327
40359
40370
40371
40372
40384
40390
40391
40392
40393
40394
40395
40400
40402
40409
40428
40429
40430
40431
40432
40433
40451
40452
40453
40459
40472
40473
40486
40487
40490
40493
40512
40513
40515
40516
40517
40518
40519
40520
40521
40522
40523
40524
40533
40534
40535
40539
40540
40541
40542
40546
40552
40553
40554
40555
40556
40558
40559
40561
40562
40563
40577
40578
40593
40594
40595
40596
40597
40602
40607
40608
40609
40610
40625
40626
40627
40628
40633
40662
40668
40670
40671
40675
40683
40684
40685
40686
40687
40688
40689
40690
40691
40706
40707
40708
40720
40722
40723
40728
40733
40735
40736
40737
40738
40739
40740
40741
40742
40743
40744
40745
40756
40757
40782
40790
40791
40792
40793
40794
40795
40796
40797
40798
40800
40801
40802
40804
40805
40806
40820
40821
40828
40861
40862
40863
40864
40865
40866
40867
40868
40869
40873
40887
40888
40891
40903
40904
40905
40906
40907
40908
40909
40910
40913
40914
40924
40925
40927
40928
40929
40930
40931
40932
40933
40947
40948
40951
40952
40961
40962
40965
40968
40969
40970
40971
40977
40978
40979
40980
40981
40982
40984
40985
40987
40998
40999
41000
41036
41037
41047
41048
41050
41051
41052
41053
41058
41059
41060
41061
41062
41063
41064
41066
41067
41068
41081
41082
41083
41084
41085
41086
41087
41088
41096
41098
41108
41110
41111
41114
41116
41117
41118
41121
41123
41125
41131
41132
41150
41155
41156
41157
41158
41159
41160
41161
41162
41194
41195
41197
41207
41208
41211
41212
41214
41215
41216
41225
41226
41227
41228
41229
41230
41231
41232
41248
41250
41261
41267
41270
41271
41277
41284
41285
41286
41287
41296
41305
41306
41307
41310
41311
41312
41313
41315
41318
41319
41325
41334
41359
41377
41378
41379
41380
41395
41396
41419
41428
41429
41430
41431
41432
41433
41434
41435
41455
41484
41506
41507
41524
41527
41528
41531
41533
41539
41540
41556
41557
41558
41559
41560
41576
41580
41581
41596
41597
41598
41599
41638
41660
41677
41678
41679
41680
41701
41702
41710
41720
41721
41722
41723
41754
41755
41756
41757
41758
41761
41772
41773
41777
41782
41783
41784
41785
41789
41790
41791
41794
41796
41821
41822
41823
41824
41825
41830
41852
41864
41893
41894
41908
41952
41972
41990
41991
42001
42020
42021
42044
42046
42048
42049
42051
42060
42070
42071
42072
42073
42074
42075
42076
42105
42129
42130
42165
42169
42175
42176
42183
42184
42193
42218
42223
42224
42228
42229
42245
42246
42247
42248
42268
42327
42339
42381
42465
42466
42468
42471
42472
42475
42476
42477
42479
42480
42518
42542
42550
42551
42552
42564
42592
42643
42676
42677
42684
42688
42690
42708
42734
42805
42806
42809
42812
42816
42840
42877
42891
42898
42899
42910
42915
42917
42922
42930
42932
42939
42946
42984
42985
42988
43097
43107
43125
43130
43144
43163
43189
43226
43227
43237
43277
43280
43281
43314
43315
43328
43350
43406
43482
43501
43527
43528
43529
43530
43534
43537
43547
43548
43576
43586
43607
43652
43697
43720
43770
43805
43838
43935
43965
44044
44054
44057
44130
44136
44138
44176
44231
44233
44234
44235
44241
44259
44341
44396
44397
44428
44436
44442
44480
44509
44531
44629
44646
44791
44824
44826
44833
44834
44869
44872
44873
44902
44903
44906
44907
44908
44917
44918
44919
44920
44921
44925
44927
44948
44949
44950
44976
44977
44979
44983
44984
44987
44988
44989
44990
44991
44992
44993
44994
44995
44996
44997
45011
45015
45016
45017
45018
45019
45020
45023
45025
45027
45050
45055
45056
45057
45058
45059
45071
45072
45073
45074
45075
45076
45081
45083
45085
45086
45087
45088
45089
45090
45091
45092
45093
45095
45096
45097
45103
45104
45105
45106
45107
45108
45109
45110
45111
45116
45117
45118
45124
45128
45130
45131
45133
45137
45138
45141
45145
45146
45147
45148
45153
45155
45161
45172
45173
45175
45176
45187
45189
45190
45191
45221
45223
45238
45244
45248
45250
45251
45270
45281
45282
45284
45285
45287
45288
45300
45311
45312
45313
45340
45341
45342
45349
45350
45352
45353
45361
45362
45369
45374
45375
45376
45378
45380
45382
45391
45457
45458
45502
45530
45533
45534
45542
45543
45547
45587
45595
45608
45636
45661
45780
45804
45924
45930
45931
45932
45933
45935
45936
45937
45938
45939
45944
45945
45947
45950
45956
45982
45983
45984
45985
45986
45987
45988
45989
45990
45991
45992
45993
45994
46002
46003
46004
46005
46006
46008
46009
46010
46012
46013
46014
46015
46016
46017
46018
46019
46020
46021
46022
46023
46057
46067
46069
46093
46095
46097
46099
46100
46119
46120
46125
46126
46127
46128
46141
46142
46143
46146
46219
46221
46222
46229
46231
46232
46233
46241
46243
46244
46245
46246
46247
46248
46249
46250
46251
46252
46253
46264
46265
46266
46270
46271
46272
46273
46274
46275
46291
46292
46293
46294
46295
46296
46299
46300
46301
46302
46303
46304
46305
46306
46307
46308
46309
46310
46311
46312
46313
46314
46315
46316
46317
46318
46339
46341
46342
46343
46347
46348
46349
46350
46351
46352
46353
46354
46355
46356
46357
46392
46393
46394
46395
46396
46397
46398
46399
46400
46413
46436
46437
46438
46439
46440
46441
46442
46443
46444
46445
46459
46460
46461
46462
46463
46470
46471
46473
46474
46475
46476
46477
46507
46508
46522
46526
46542
46547
46549
46550
46552
46553
46554
46555
46556
46557
46558
46561
46564
46566
46567
46568
46573
46574
46575
46595
46596
46597
46598
46614
46650
46651
46652
46653
46654
46655
46668
46684
46697
46698
46699
46700
46716
46717
46718
46748
46762
46767
46768
46770
46771
46772
46773
46774
46775
46776
46777
46778
46779
46791
46792
46799
46800
46805
46810
46811
46812
46813
46830
46831
46832
46833
46835
46837
46862
46867
46868
46869
46870
46871
46878
46882
46883
46884
46885
46886
46887
46888
46889
46890
46891
46960
46961
46962
46963
46964
46965
46967
46968
46970
46971
46975
46977
46997
46998
46999
47000
47005
47006
47011
47012
47023
47031
47032
47033
47034
47035
47036
47038
47039
47040
47041
47042
47043
47044
47051
47075
47078
47079
47080
47081
47082
47083
47084
47101
47103
47104
47105
47106
47107
47118
47121
47122
47135
47153
47166
47167
47168
47169
47181
47184
47203
47204
47205
47206
47228
47239
47240
47242
47253
47263
47267
47268
47270
47271
47274
47328
47329
47330
47331
47332
47333
47334
47335
47336
47356
47357
47365
47370
47371
47372
47373
47374
47375
47382
47383
47384
47385
47386
47387
47399
47400
47401
47402
47403
47404
47405
47406
47407
47408
47435
47436
47437
47440
47451
47463
47464
47465
47474
47475
47476
47478
47500
47508
47509
47510
47511
47512
47518
47519
47520
47547
47548
47563
47567
47576
47577
47578
47579
47580
47581
47582
47583
47597
47598
47599
47600
47601
47602
47606
47611
47613
47616
47617
47618
47619
47620
47621
47622
47623
47651
47652
47663
47664
47665
47666
47667
47668
47670
47671
47673
47674
47675
47676
47677
47678
47679
47680
47681
47682
47683
47684
47685
47686
47687
47688
47698
47699
47700
47705
47717
47729
47730
47731
47732
47733
47766
47767
47768
47769
47770
47771
47772
47773
47774
47776
47777
47789
47790
47791
47831
47835
47838
47839
47840
47841
47843
47857
47861
47862
47863
47864
47865
47871
47872
47873
47874
47875
47892
47893
47908
47914
47923
47924
47925
47926
47927
47929
47930
47942
47943
47944
47945
47946
47947
47950
47958
47960
47975
47976
47978
47979
47988
47989
47992
47993
47994
47995
47996
47997
47998
47999
48000
48004
48005
48006
48008
48009
48010
48011
48012
48013
48014
48021
48043
48044
48045
48046
48051
48053
48062
48071
48072
48073
48084
48085
48086
48087
48088
48089
48090
48091
48092
48094
48096
48097
48098
48099
48112
48113
48114
48115
48116
48117
48118
48119
48120
48121
48122
48123
48128
48129
48130
48131
48135
48136
48137
48171
48172
48173
48174
48175
48176
48178
48179
48182
48183
48184
48185
48189
48208
48222
48223
48240
48241
48261
48265
48266
48267
48268
48269
48270
48271
48272
48283
48284
48287
48292
48293
48294
48303
48304
48305
48306
48313
48314
48315
48322
48323
48324
48325
48330
48331
48333
48341
48342
48343
48344
48365
48368
48385
48399
48400
48401
48410
48411
48412
48415
48416
48417
48418
48419
48420
48440
48447
48449
48450
48451
48453
48455
48472
48485
48486
48487
48490
48491
48494
48497
48498
48499
48500
48501
48502
48503
48512
48514
48516
48541
48542
48543
48544
48545
48546
48547
48549
48550
48552
48553
48554
48555
48556
48559
48560
48572
48573
48574
48575
48576
48587
48604
48607
48622
48626
48627
48628
48629
48641
48642
48643
48693
48716
48721
48722
48723
48735
48736
48738
48741
48776
48814
48815
48816
48817
48819
48820
48821
48822
48823
48844
48845
48846
48847
48848
48867
48868
48884
48909
48910
48912
48917
48948
48949
48950
48951
48956
48957
48958
48966
48967
48968
48969
48977
48986
48987
48990
48991
48992
48993
49010
49059
49119
49131
49132
49133
49134
49142
49143
49157
49177
49179
49181
49204
49205
49215
49236
49237
49254
49256
49257
49258
49260
49261
49262
49263
49293
49306
49307
49317
49319
49320
49323
49324
49325
49326
49327
49328
49329
49332
49348
49368
49373
49374
49388
49389
49390
49391
49392
49393
49394
49395
49396
49397
49418
49419
49420
49421
49422
49423
49450
49451
49452
49453
49454
49455
49456
49462
49463
49465
49473
49474
49487
49510
49511
49512
49513
49515
49531
49536
49537
49538
49579
49585
49586
49587
49589
49604
49605
49608
49610
49612
49645
49647
49670
49677
49683
49684
49685
49688
49698
49699
49700
49701
49702
49703
49704
49706
49721
49722
49723
49756
49759
49761
49776
49784
49807
49808
49809
49810
49811
49812
49813
49819
49829
49830
49831
49832
49842
49843
49844
49845
49846
49847
49848
49849
49852
49868
49878
49890
49929
49930
49932
49943
49948
49949
49950
49951
49952
49982
49983
50017
50051
50061
50062
50063
50080
50087
50088
50089
50090
50091
50092
50093
50110
50120
50121
50122
50126
50151
50152
50153
50155
50156
50157
50172
50178
50189
50245
50267
50268
50270
50271
50272
50280
50284
50285
50288
50289
50290
50298
50300
50301
50302
50303
50304
50305
50327
50337
50356
50365
50373
50374
50375
50376
50383
50431
50432
50455
50456
50458
50474
50488
50501
50503
50504
50512
50513
50514
50515
50516
50517
50528
50555
50556
50575
50597
50619
50620
50621
50622
50623
50624
50635
50637
50638
50653
50654
50655
50690
50693
50695
50697
50720
50726
50728
50729
50730
50734
50735
50736
50737
50738
50759
50760
50761
50765
50779
50780
50781
50813
50814
50838
50839
50841
50844
50852
50858
50859
50863
50894
50919
50923
50939
50940
50941
50942
50971
50990
51014
51015
51026
51027
51097
51098
51099
51102
51107
51108
51131
51136
51137
51138
51142
51149
51150
51151
51152
51153
51154
51155
51156
51167
51184
51185
51186
51203
51204
51218
51219
51222
51224
51246
51247
51248
51249
51250
51251
51252
51253
51309
51310
51317
51318
51320
51321
51322
51361
51362
51363
51364
51365
51366
51367
51387
51388
51389
51403
51413
51446
51448
51463
51464
51467
51469
51487
51494
51495
51496
51498
51504
51514
51517
51534
51535
51591
51599
51600
51608
51660
51661
51662
51663
51664
51679
51706
51738
51754
51779
51782
51783
51787
51788
51840
51860
51864
51895
51915
51931
51936
51962
51971
52003
52009
52041
52042
52043
52059
52068
52090
52091
52092
52113
52114
52115
52116
52117
52118
52123
52127
52152
52185
52198
52201
52202
52213
52256
52257
52264
52265
52278
52336
52339
52363
52370
52379
52401
52408
52410
52411
52429
52432
52461
52517
52525
52528
52529
52547
52561
52563
52670
52671
52672
52678
52708
52716
52717
52761
52767
52768
52835
52836
52838
52840
52841
52842
52843
52844
52845
52895
52896
52937
52959
52960
52961
52962
52963
52964
52965
53011
53012
53043
53062
53075
53086
53117
53139
53140
53141
53144
53155
53184
53193
53196
53197
53217
53244
53301
53302
53303
53326
53327
53328
53347
53349
53350
53368
53380
53390
53393
53425
53438
53453
53475
53484
53567
53626
53636
53645
53692
53709
53710
53711
53712
53713
53722
53759
53774
53775
53776
53778
53779
53804
53805
53836
53863
53997
54022
54023
54109
54111
54151
54193
54199
54309
54316
54325
54342
54343
54359
54360
54368
54398
54430
54440
54492
54525
54584
54586
54596
54635
54646
54679
54700
54743
54753
54778
54781
54818
54829
54830
54840
54983
54997
55003
55058
55080
55081
55084
55093
55144
55145
55149
55150
55151
55152
55154
55155
55156
55157
55158
55168
55169
55170
55171
55172
55173
55174
55175
55183
55184
55185
55186
55187
55188
55197
55198
55199
55205
55206
55207
55208
55209
55210
55211
55213
55216
55217
55219
55220
55221
55222
55223
55224
55225
55227
55232
55233
55234
55247
55248
55249
55250
55251
55258
55259
55260
55261
55262
55263
55264
55282
55283
55284
55285
55286
55287
55288
55289
55290
55301
55306
55307
55308
55309
55310
55313
55316
55318
55319
55320
55321
55322
55323
55324
55330
55331
55332
55333
55334
55335
55336
55338
55339
55341
55343
55344
55345
55346
55349
55350
55352
55353
55354
55357
55358
55359
55360
55361
55362
55363
55364
55366
55367
55368
55378
55379
55380
55399
55401
55411
55412
55425
55426
55427
55428
55435
55440
55441
55443
55445
55446
55453
55487
55490
55494
55499
55500
55537
55549
55550
55551
55552
55553
55571
55579
55580
55582
55584
55585
55586
55587
55588
55597
55601
55603
55607
55609
55610
55619
55631
55638
55639
55646
55647
55652
55665
55670
55680
55681
55686
55687
55688
55689
55691
55692
55700
55704
55743
55758
55762
55763
55765
55766
55768
55791
55821
55822
55838
55839
55840
55843
55862
55863
55905
55920
55921
55933
55979
56005
56007
56015
56016
56041
56042
56058
56113
56114
56116
56121
56145
56171
56198
56273
56286
56295
56323
56326
56352
56411
56428
56568
56603
56638
56732
56796
56809
56812
56843
56844
56849
56851
56853
56855
56860
56863
56864
56865
56866
56869
56870
56891
56894
56898
56909
56911
56917
56921
56931
56932
56934
56942
56944
56945
56956
56982
56984
56987
56989
56990
57000
57012
57026
57033
57068
57680
57813
57816
57817
57818
57839
57842
57905
57911
57974
58003
58006
58018
58019
58020
58021
58176
58177
58178
58179
58181
58223
58225
58245
58265
58266
58267
58281
58282
58283
58284
58285
58286
58300
58301
58302
58309
58310
58344
58346
58347
58348
58350
58351
58354
58355
58356
58357
58378
58379
58380
58381
58382
58383
58384
58393
58394
58395
58396
58397
58417
58418
58419
58420
58426
58427
58428
58431
58450
58452
58453
58454
58455
58456
58457
58458
58459
58460
58461
58462
58463
58464
58466
58467
58468
58469
58520
58523
58542
58592
58609
58611
58612
58626
58627
58629
58652
58653
58655
58659
58660
58661
58662
58663
58664
58670
58671
58672
58675
58682
58683
58684
58685
58686
58687
58697
58700
58701
58736
58788
58789
58790
58791
58797
58798
58799
58800
58801
58802
58803
58807
58808
58809
58810
58811
58812
58813
58814
58815
58816
58817
58818
58819
58820
58821
58822
58833
58834
58835
58836
58838
58899
58900
58909
58910
58925
58926
58937
58938
58940
58941
58951
58952
58953
58954
58955
58966
58969
58970
58971
58972
59015
59029
59032
59062
59065
59066
59067
59068
59070
59077
59078
59079
59080
59081
59082
59083
59084
59085
59088
59089
59090
59091
59092
59106
59107
59108
59109
59110
59111
59112
59151
59164
59165
59168
59169
59170
59171
59176
59179
59180
59189
59190
59205
59211
59212
59237
59252
59253
59279
59280
59281
59314
59315
59316
59317
59318
59320
59327
59328
59330
59333
59334
59336
59337
59340
59341
59342
59343
59344
59345
59346
59351
59357
59361
59363
59368
59369
59370
59371
59372
59390
59391
59392
59416
59422
59423
59428
59429
59430
59432
59436
59477
59478
59479
59480
59481
59482
59499
59500
59501
59502
59509
59510
59511
59512
59513
59514
59515
59516
59523
59525
59526
59527
59563
59564
59565
59580
59581
59583
59586
59587
59588
59591
59593
59595
59596
59597
59599
59601
59615
59616
59617
59618
59621
59622
59623
59624
59625
59626
59652
59653
59657
59658
59667
59670
59671
59686
59691
59695
59696
59699
59700
59701
59724
59725
59726
59727
59728
59729
59730
59731
59732
59733
59734
59745
59779
59792
59793
59794
59795
59796
59797
59798
59799
59804
59805
59806
59807
59808
59809
59810
59811
59812
59818
59819
59821
59845
59846
59860
59861
59862
59865
59866
59867
59868
59869
59870
59892
59893
59894
59895
59896
59897
59898
59912
59913
59915
59916
59917
59918
59919
59930
59931
59939
59940
59941
59948
59949
59950
59960
59961
59962
59963
59971
59972
59974
59975
59976
59980
59981
59984
59985
59986
59987
59988
59989
59992
59993
59994
59995
60002
60003
60004
60013
60014
60015
60016
60017
60020
60023
60024
60025
60026
60027
60028
60029
60030
60039
60040
60047
60049
60079
60080
60081
60082
60083
60084
60085
60086
60108
60110
60111
60112
60114
60115
60118
60124
60151
60157
60158
60159
60160
60161
60162
60163
60164
60165
60166
60167
60168
60175
60176
60177
60178
60179
60180
60181
60182
60183
60195
60196
60197
60209
60210
60211
60212
60213
60214
60215
60216
60222
60223
60224
60225
60226
60227
60228
60234
60235
60236
60237
60238
60239
60240
60242
60243
60244
60245
60246
60248
60249
60253
60259
60260
60261
60262
60263
60264
60265
60268
60271
60272
60306
60307
60308
60309
60310
60311
60312
60313
60314
60315
60317
60318
60319
60320
60321
60322
60323
60330
60331
60332
60333
60353
60355
60356
60374
60375
60376
60377
60378
60379
60380
60381
60382
60390
60403
60404
60406
60407
60410
60411
60412
60413
60415
60416
60417
60418
60419
60420
60421
60422
60423
60424
60425
60426
60428
60429
60430
60431
60432
60433
60434
60435
60438
60439
60449
60450
60456
60457
60458
60459
60460
60461
60462
60463
60465
60466
60467
60476
60489
60491
60498
60499
60532
60533
60539
60542
60544
60545
60549
60552
60558
60563
60564
60565
60566
60569
60571
60572
60576
60577
60578
60579
60580
60581
60582
60585
60602
60603
60604
60605
60606
60607
60618
60619
60628
60630
60643
60644
60645
60646
60647
60648
60649
60662
60663
60664
60675
60676
60677
60678
60679
60681
60686
60687
60688
60689
60690
60691
60692
60693
60707
60713
60714
60715
60716
60717
60736
60739
60741
60742
60743
60744
60745
60747
60748
60749
60750
60759
60760
60761
60762
60763
60766
60767
60768
60769
60770
60776
60777
60778
60779
60780
60781
60782
60783
60784
60785
60786
60787
60788
60807
60812
60813
60822
60823
60824
60825
60826
60827
60828
60829
60830
60831
60832
60833
60834
60870
60872
60909
60910
60911
60912
60913
60914
60915
60916
60917
60918
60924
60925
60926
60927
60928
60929
60930
60931
60932
60939
60941
60942
60943
60953
60954
60955
60956
60958
60959
60962
60970
60972
60973
60977
60978
60985
60986
60987
61004
61005
61006
61009
61010
61011
61012
61019
61022
61046
61047
61048
61049
61050
61051
61052
61053
61056
61057
61058
61059
61060
61087
61090
61091
61092
61094
61104
61113
61114
61115
61116
61121
61122
61140
61141
61142
61143
61144
61157
61167
61168
61169
61191
61193
61194
61195
61230
61237
61238
61239
61240
61241
61242
61243
61244
61248
61249
61260
61261
61262
61280
61281
61282
61283
61291
61297
61304
61305
61306
61307
61308
61309
61310
61334
61335
61337
61338
61355
61356
61359
61365
61372
61376
61377
61390
61395
61396
61397
61398
61399
61401
61406
61419
61421
61422
61423
61424
61425
61428
61431
61438
61439
61442
61443
61444
61445
61446
61447
61457
61458
61459
61460
61478
61479
61480
61492
61493
61494
61497
61498
61499
61500
61506
61508
61513
61514
61515
61516
61522
61533
61534
61535
61536
61537
61538
61539
61540
61541
61546
61547
61548
61549
61560
61562
61590
61591
61593
61598
61599
61600
61608
61621
61622
61623
61624
61625
61626
61627
61628
61638
61639
61641
61664
61665
61666
61667
61668
61669
61672
61673
61674
61677
61691
61693
61694
61719
61724
61727
61735
61745
61748
61793
61794
61795
61796
61797
61798
61799
61800
61821
61822
61823
61824
61832
61848
61856
61857
61858
61865
61866
61868
61869
61872
61885
61886
61887
61906
61907
61908
61911
61915
61916
61929
61930
61937
61963
61964
61965
61966
61967
61970
61976
61977
61978
61979
61980
61990
61991
61992
62003
62004
62010
62051
62055
62059
62060
62064
62069
62070
62071
62080
62081
62082
62084
62107
62115
62135
62137
62138
62139
62169
62172
62174
62175
62176
62183
62187
62188
62189
62190
62191
62192
62193
62194
62203
62204
62221
62222
62223
62230
62231
62232
62233
62234
62235
62236
62237
62238
62251
62254
62255
62268
62272
62273
62274
62275
62276
62285
62286
62290
62331
62332
62340
62341
62345
62346
62353
62354
62355
62356
62357
62358
62359
62364
62365
62366
62367
62368
62385
62386
62418
62419
62420
62421
62422
62427
62442
62443
62446
62447
62448
62449
62450
62451
62452
62453
62454
62482
62487
62488
62489
62490
62497
62500
62516
62517
62518
62519
62520
62521
62523
62524
62538
62539
62543
62554
62571
62585
62587
62588
62590
62593
62594
62608
62629
62630
62652
62653
62654
62655
62656
62657
62658
62659
62663
62668
62670
62692
62693
62699
62703
62708
62709
62710
62711
62712
62713
62714
62715
62722
62725
62728
62730
62776
62777
62778
62781
62782
62783
62785
62786
62787
62788
62789
62790
62791
62828
62833
62834
62835
62836
62837
62838
62839
62840
62841
62843
62845
62846
62854
62855
62856
62871
62872
62873
62885
62886
62887
62888
62889
62890
62891
62892
62894
62895
62896
62897
62898
62899
62900
62907
62908
62909
62910
62911
62912
62913
62922
62938
62939
62945
62946
62949
62972
62973
63007
63008
63017
63024
63025
63026
63027
63028
63043
63052
63078
63079
63080
63081
63082
63083
63114
63115
63116
63165
63166
63172
63201
63214
63215
63227
63243
63245
63246
63276
63279
63287
63288
63289
63290
63291
63292
63293
63296
63301
63305
63306
63321
63322
63323
63324
63325
63338
63385
63410
63414
63423
63424
63428
63429
63439
63449
63470
63471
63472
63473
63479
63487
63488
63489
63490
63491
63492
63493
63494
63499
63500
63525
63527
63528
63529
63530
63541
63542
63543
63544
63545
63546
63592
63593
63601
63602
63603
63604
63607
63609
63610
63611
63612
63659
63660
63661
63667
63668
63669
63670
63674
63678
63683
63684
63685
63692
63702
63703
63704
63705
63709
63804
63811
63812
63835
63836
63837
63846
63847
63849
63882
63883
63884
63897
63898
63899
63900
63906
63907
63911
63912
63913
63914
63915
63922
63923
63924
63925
63926
63927
63928
63929
63933
63941
63942
63943
63944
63992
63993
63994
64003
64015
64026
64027
64028
64029
64030
64031
64032
64033
64034
64060
64062
64063
64064
64068
64069
64085
64086
64091
64093
64094
64095
64097
64098
64099
64100
64101
64102
64108
64120
64121
64122
64137
64138
64153
64158
64159
64160
64172
64176
64177
64178
64186
64187
64194
64215
64216
64254
64255
64275
64282
64285
64293
64298
64300
64303
64306
64307
64318
64343
64344
64346
64347
64348
64356
64357
64398
64399
64402
64404
64407
64412
64414
64415
64416
64417
64418
64422
64428
64429
64451
64483
64484
64517
64539
64541
64542
64543
64544
64549
64550
64553
64554
64555
64556
64557
64558
64559
64573
64599
64616
64644
64645
64646
64647
64658
64722
64724
64742
64766
64767
64768
64798
64806
64808
64825
64863
64864
64892
64894
64899
64908
64912
64946
64947
64948
64949
64983
64986
64987
64990
64994
64995
64997
65002
65005
65014
65018
65051
65054
65058
65070
65071
65072
65076
65077
65078
65079
65080
65081
65082
65083
65098
65100
65112
65115
65142
65143
65150
65151
65154
65155
65156
65157
65197
65198
65199
65242
65250
65251
65252
65254
65296
65307
65309
65325
65326
65327
65365
65366
65379
65382
65396
65397
65398
65399
65476
65481
65482
65483
65484
65530
65531
65547
65548
65549
65550
65551
65552
65553
65555
65568
65569
65570
65581
65587
65596
65621
65626
65627
65684
65689
65690
65709
65713
65730
65791
65792
65793
65794
65795
65796
65845
65880
65904
65905
65907
65908
65933
65935
65972
65973
65974
65975
65979
65980
65981
65982
65988
66068
66070
66071
66108
66109
66155
66168
66169
66170
66179
66189
66211
66244
66251
66252
66253
66258
66263
66264
66283
66392
66393
66395
66399
66402
66403
66405
66419
66430
66431
66458
66472
66492
66502
66507
66508
66510
66511
66542
66546
66554
66555
66556
66557
66586
66600
66601
66638
66707
66733
66755
66770
66793
66806
66828
66949
66978
67002
67014
67015
67020
67021
67037
67039
67040
67041
67059
67060
67061
67062
67067
67100
67114
67120
67134
67135
67136
67161
67162
67163
67164
67165
67168
67175
67200
67213
67214
67215
67247
67248
67249
67257
67258
67259
67276
67288
67316
67327
67359
67360
67405
67407
67440
67457
67458
67560
67577
67578
67595
67612
67613
67641
67660
67676
67681
67707
67853
67940
67941
67942
68002
68003
68034
68035
68114
68159
68163
68231
68281
68298
68300
68460
68466
68502
68558
68568
68570
68615
68679
68703
68733
68769
68792
68799
68916
68917
68935
68977
69033
69086
69131
69139
69175
69184
69195
69204
69241
69242
69251
69252
69256
69296
69319
69415
69519
69529
69696
69757
69768
69789
69791
69830
69867
69903
69912
69914
69917
69925
69927
69928
69931
69950
69955
69963
69972
69974
69977
69979
69980
70003
70006
70009
70010
70015
70526
70529
70530
70531
70548
70549
70550
70560
70561
70578
70580
70581
70582
70583
70584
70585
70662
70664
70665
70666
70735
70839
70874
70894
70900
70901
70903
70905
70948
70961
70962
70963
70964
70976
70977
70978
70979
70980
70981
70982
70983
70986
71001
71015
71017
71021
71022
71023
71024
71025
71026
71027
71056
71057
71058
71059
71060
71067
71068
71069
71070
71071
71072
71075
71076
71112
71113
71114
71115
71116
71117
71145
71158
71172
71173
71174
71175
71176
71177
71183
71184
71185
71186
71187
71212
71221
71222
71223
71224
71225
71226
71227
71228
71231
71232
71233
71234
71235
71238
71239
71242
71245
71247
71262
71263
71264
71265
71266
71267
71269
71271
71272
71274
71276
71277
71278
71279
71280
71281
71282
71308
71309
71310
71311
71312
71313
71314
71315
71316
71317
71322
71323
71337
71338
71339
71341
71342
71343
71345
71357
71358
71359
71360
71372
71373
71380
71381
71384
71390
71391
71402
71403
71404
71405
71407
71408
71409
71440
71448
71449
71450
71451
71452
71458
71460
71462
71470
71471
71472
71483
71485
71490
71491
71492
71518
71549
71550
71551
71552
71553
71554
71555
71562
71563
71564
71593
71594
71595
71596
71606
71608
71609
71612
71613
71614
71615
71616
71617
71618
71623
71624
71625
71632
71633
71634
71635
71636
71665
71666
71667
71668
71669
71670
71671
71672
71673
71674
71675
71676
71677
71681
71682
71683
71684
71685
71686
71697
71698
71700
71701
71702
71703
71705
71706
71707
71718
71719
71720
71721
71744
71745
71746
71747
71748
71749
71759
71767
71768
71769
71770
71771
71772
71773
71787
71788
71789
71790
71791
71792
71804
71805
71806
71807
71808
71809
71825
71826
71827
71828
71829
71830
71857
71858
71859
71882
71883
71884
71885
71886
71887
71892
71893
71894
71903
71904
71905
71907
71909
71921
71922
71923
71925
71926
71927
71928
71929
71930
71939
71940
71941
71942
71943
71944
71959
71960
71961
71968
71969
71970
71983
71985
71988
72039
72040
72041
72052
72053
72054
72055
72057
72058
72060
72062
72063
72064
72065
72069
72070
72071
72072
72083
72085
72086
72087
72088
72089
72091
72092
72093
72124
72129
72134
72135
72149
72150
72173
72174
72186
72187
72190
72191
72198
72199
72200
72201
72202
72217
72236
72243
72244
72245
72246
72247
72248
72249
72250
72251
72252
72253
72257
72258
72259
72260
72261
72262
72263
72264
72265
72267
72268
72269
72302
72305
72306
72307
72308
72309
72311
72312
72324
72325
72326
72327
72328
72329
72330
72331
72332
72333
72334
72337
72340
72341
72342
72343
72354
72355
72356
72357
72358
72359
72371
72372
72373
72376
72377
72378
72379
72380
72393
72394
72400
72401
72402
72420
72421
72422
72423
72424
72433
72434
72435
72436
72437
72438
72439
72440
72473
72475
72480
72481
72482
72483
72485
72495
72501
72502
72503
72504
72505
72506
72514
72515
72516
72517
72524
72525
72526
72527
72532
72533
72534
72535
72536
72537
72538
72545
72547
72549
72550
72551
72552
72553
72554
72555
72563
72564
72565
72575
72576
72577
72579
72580
72581
72585
72586
72591
72592
72609
72610
72611
72626
72627
72628
72629
72630
72631
72632
72633
72634
72635
72677
72678
72684
72685
72686
72687
72688
72689
72694
72695
72696
72697
72699
72700
72701
72702
72734
72735
72737
72751
72752
72764
72765
72766
72769
72770
72771
72775
72776
72777
72778
72779
72780
72781
72782
72783
72784
72806
72830
72831
72841
72842
72843
72844
72845
72846
72847
72848
72849
72850
72851
72852
72853
72855
72856
72857
72858
72859
72860
72861
72862
72880
72881
72883
72910
72913
72937
72938
72939
72940
72942
72943
72946
72948
72949
72952
72953
72954
72955
72970
72974
72992
72993
72994
72995
72996
73020
73026
73027
73028
73029
73030
73031
73032
73033
73046
73047
73059
73060
73072
73073
73074
73075
73076
73077
73078
73081
73083
73092
73100
73101
73102
73103
73104
73105
73106
73107
73108
73154
73155
73156
73157
73192
73193
73219
73220
73239
73249
73252
73254
73255
73256
73265
73266
73267
73268
73273
73274
73275
73276
73297
73298
73299
73300
73301
73302
73303
73304
73305
73307
73308
73309
73317
73318
73331
73352
73367
73368
73369
73370
73371
73372
73373
73374
73375
73387
73393
73399
73411
73418
73426
73427
73428
73429
73430
73431
73441
73444
73456
73457
73458
73459
73461
73462
73475
73476
73477
73563
73564
73584
73585
73586
73587
73588
73589
73590
73591
73592
73593
73594
73595
73596
73597
73599
73600
73601
73612
73613
73614
73616
73627
73628
73629
73630
73631
73632
73633
73634
73635
73636
73637
73638
73639
73640
73641
73648
73663
73664
73671
73673
73675
73676
73692
73693
73695
73702
73703
73704
73705
73706
73707
73738
73739
73742
73747
73760
73761
73762
73763
73764
73765
73766
73767
73778
73780
73782
73803
73804
73805
73806
73807
73809
73810
73811
73812
73813
73814
73815
73816
73821
73822
73823
73824
73825
73830
73850
73872
73873
73880
73881
73882
73883
73885
73893
73900
73916
73923
73924
73942
73943
73944
73945
73949
73951
73952
73973
73974
73975
73976
73977
73978
73985
73986
73987
73993
73995
74013
74014
74015
74016
74017
74054
74055
74084
74085
74104
74105
74106
74107
74119
74120
74122
74128
74130
74147
74148
74149
74150
74151
74152
74153
74154
74156
74157
74158
74159
74160
74161
74162
74163
74164
74165
74195
74196
74197
74199
74201
74213
74214
74215
74225
74226
74246
74247
74248
74249
74250
74270
74284
74303
74310
74312
74313
74314
74342
74343
74344
74345
74358
74359
74360
74361
74363
74364
74366
74368
74369
74370
74371
74377
74382
74398
74419
74423
74433
74434
74435
74436
74437
74438
74439
74440
74441
74442
74443
74444
74448
74449
74460
74471
74472
74474
74475
74477
74478
74486
74488
74489
74504
74505
74508
74510
74511
74527
74528
74529
74530
74531
74532
74533
74534
74554
74555
74556
74557
74559
74560
74561
74562
74564
74575
74576
74577
74613
74614
74615
74616
74617
74630
74631
74632
74633
74634
74642
74667
74668
74669
74670
74671
74691
74692
74706
74715
74748
74749
74759
74760
74761
74762
74763
74764
74765
74766
74784
74789
74794
74800
74805
74806
74807
74808
74811
74812
74849
74855
74856
74857
74867
74868
74869
74877
74895
74896
74897
74898
74899
74900
74901
74905
74910
74922
74923
74942
74943
74948
74949
74950
74954
74955
74957
74958
74959
74960
74961
74962
74963
74964
74965
74972
74978
74979
75013
75014
75020
75021
75029
75030
75031
75035
75036
75037
75038
75050
75051
75052
75053
75054
75055
75056
75057
75058
75059
75060
75086
75087
75094
75097
75102
75127
75128
75129
75130
75131
75132
75133
75149
75151
75161
75162
75163
75164
75165
75166
75167
75168
75169
75176
75181
75182
75192
75193
75194
75195
75196
75203
75204
75205
75206
75207
75208
75209
75210
75212
75213
75221
75222
75236
75239
75240
75241
75242
75243
75248
75271
75272
75273
75275
75276
75278
75287
75288
75296
75303
75305
75333
75338
75339
75340
75341
75353
75354
75355
75356
75357
75358
75390
75391
75421
75426
75436
75437
75447
75449
75450
75451
75452
75453
75454
75458
75459
75460
75477
75479
75484
75493
75494
75496
75497
75503
75504
75506
75522
75525
75526
75542
75546
75558
75559
75560
75561
75563
75573
75590
75599
75615
75630
75631
75640
75641
75650
75651
75652
75657
75658
75662
75663
75665
75673
75674
75678
75679
75680
75700
75701
75702
75704
75706
75709
75710
75711
75712
75713
75719
75749
75750
75814
75835
75836
75837
75838
75839
75840
75841
75842
75843
75844
75845
75846
75847
75848
75849
75856
75881
75882
75883
75884
75886
75952
75953
76006
76008
76009
76010
76011
76012
76013
76014
76015
76016
76017
76018
76020
76022
76024
76030
76032
76047
76074
76075
76079
76091
76092
76098
76102
76103
76104
76105
76106
76118
76121
76122
76123
76124
76125
76139
76141
76142
76143
76175
76176
76185
76186
76190
76191
76192
76193
76194
76206
76207
76254
76255
76256
76263
76264
76265
76268
76271
76272
76273
76274
76279
76313
76324
76347
76348
76351
76360
76379
76380
76390
76391
76392
76393
76422
76423
76434
76442
76463
76464
76467
76468
76486
76502
76508
76538
76539
76552
76553
76579
76580
76582
76595
76600
76628
76636
76655
76656
76657
76696
76722
76749
76758
76780
76816
76820
76859
76864
76865
76866
76874
76875
76876
76877
76895
76896
76904
76917
76959
76960
76999
77028
77029
77030
77056
77068
77069
77070
77080
77084
77114
77141
77142
77149
77156
77157
77158
77159
77160
77245
77261
77275
77276
77277
77278
77317
77318
77343
77344
77345
77363
77385
77386
77387
77388
77394
77467
77470
77471
77484
77485
77487
77489
77503
77521
77530
77551
77552
77553
77554
77555
77574
77575
77580
77585
77595
77627
77648
77649
77650
77651
77656
77714
77750
77751
77754
77780
77781
77787
77817
77820
77822
77828
77829
77830
77842
77843
77896
77904
77909
77910
77911
77912
77913
77915
77929
77930
77931
78036
78062
78075
78091
78102
78108
78112
78135
78138
78168
78170
78198
78223
78230
78231
78262
78263
78276
78284
78309
78362
78363
78395
78447
78473
78474
78526
78527
78528
78530
78572
78582
78652
78654
78668
78673
78722
78723
78779
78799
78800
78879
78882
78885
78900
78939
78940
78950
78964
78998
79046
79135
79182
79200
79217
79218
79260
79266
79331
79395
79446
79474
79544
79545
79600
79623
79635
79997
80023
80032
80101
80157
80312
80348
80417
80439
80477
80497
80507
80531
80555
80568
80580
80581
80654
80767
80770
80794
80814
80862
80946
80970
81018
81028
81045
81055
81056
81063
81070
81071
81072
81073
81077
81086
81087
81088
81089
81090
81091
81092
81093
81094
81095
81096
81098
81101
81102
81110
81111
81114
81120
81125
81128
81130
81148
81163
81181
81182
81215
81216
81220
81248
81249
81271
81275
81277
81279
81287
81294
81298
81299
81322
81342
81659
81675
81676
81679
81709
81710
81711
81738
81740
81743
81745
81788
81789
81868
81876
81877
81880
81895
81899
81900
81901
81902
81903
81905
81914
81915
81916
81917
81918
81919
81928
81931
81932
81933
81943
81947
81958
81959
81961
81963
81964
81968
81969
81971
81972
81973
81974
81975
81976
81977
81980
81984
81997
81999
82000
82001
82003
82005
82006
82007
82035
82036
82037
82038
82044
82055
82056
82057
82058
82059
82060
82061
82080
82081
82082
82096
82097
82098
82104
82107
82113
82122
82125
82126
82127
82128
82129
82130
82131
82132
82140
82141
82142
82143
82144
82145
82146
82147
82151
82156
82157
82164
82183
82184
82185
82186
82187
82188
82191
82192
82193
82194
82197
82198
82199
82205
82242
82243
82244
82245
82291
82299
82300
82301
82302
82303
82304
82305
82306
82312
82313
82314
82322
82338
82351
82352
82353
82354
82362
82363
82364
82368
82369
82370
82371
82372
82373
82374
82389
82390
82398
82401
82416
82419
82421
82423
82429
82430
82431
82432
82433
82434
82435
82436
82437
82438
82439
82440
82476
82478
82490
82492
82503
82504
82505
82506
82515
82516
82543
82546
82561
82564
82565
82569
82578
82580
82581
82590
82591
82592
82593
82600
82602
82603
82607
82640
82641
82642
82643
82649
82655
82659
82661
82662
82681
82682
82683
82684
82685
82686
82687
82688
82692
82693
82694
82695
82696
82697
82698
82699
82700
82701
82702
82705
82706
82707
82708
82716
82717
82722
82723
82724
82725
82726
82739
82741
82742
82743
82755
82767
82768
82769
82770
82771
82772
82773
82774
82781
82790
82791
82792
82793
82799
82826
82827
82828
82829
82830
82831
82839
82840
82841
82842
82843
82844
82845
82846
82847
82855
82856
82857
82858
82859
82860
82861
82862
82873
82884
82885
82886
82887
82888
82889
82890
82891
82900
82901
82902
82903
82904
82905
82906
82907
82910
82911
82912
82938
82939
82940
82941
82942
82943
82944
82945
82946
82947
82948
82949
82953
82955
82956
82957
82958
82959
82960
82961
82962
82963
82965
82966
82967
82968
82971
82972
82973
82976
82977
82978
82999
83011
83013
83014
83038
83039
83042
83043
83044
83045
83047
83048
83056
83057
83058
83059
83060
83061
83062
83063
83066
83067
83068
83070
83074
83075
83076
83077
83078
83080
83081
83082
83083
83084
83085
83086
83087
83088
83089
83090
83091
83092
83093
83094
83095
83096
83097
83098
83101
83107
83117
83118
83119
83120
83121
83122
83123
83124
83125
83126
83127
83145
83146
83147
83148
83149
83150
83151
83152
83153
83154
83155
83156
83157
83158
83159
83160
83161
83166
83167
83168
83178
83179
83180
83181
83182
83183
83184
83202
83203
83204
83205
83206
83214
83235
83236
83237
83238
83239
83242
83243
83244
83250
83263
83267
83268
83284
83285
83286
83287
83288
83289
83290
83291
83304
83307
83308
83311
83314
83322
83331
83332
83333
83334
83343
83344
83346
83354
83355
83357
83358
83359
83372
83373
83374
83375
83376
83377
83378
83379
83380
83381
83382
83384
83385
83386
83392
83393
83394
83395
83409
83415
83416
83417
83420
83422
83424
83425
83427
83439
83441
83442
83443
83444
83445
83446
83452
83453
83454
83455
83456
83457
83460
83466
83467
83487
83490
83516
83517
83518
83519
83520
83521
83523
83524
83528
83529
83530
83531
83534
83536
83537
83538
83539
83540
83541
83542
83543
83544
83545
83546
83549
83551
83552
83553
83554
83555
83556
83559
83560
83561
83562
83567
83568
83569
83582
83583
83611
83612
83613
83614
83627
83629
83634
83635
83642
83670
83671
83691
83692
83696
83697
83699
83700
83701
83702
83703
83704
83705
83706
83707
83717
83718
83719
83720
83721
83722
83729
83734
83735
83736
83737
83752
83753
83756
83757
83770
83776
83783
83785
83786
83787
83788
83789
83790
83791
83792
83793
83794
83795
83796
83819
83820
83822
83823
83834
83835
83836
83837
83839
83840
83849
83850
83876
83877
83878
83883
83884
83887
83889
83893
83901
83905
83906
83907
83908
83927
83932
83946
83948
83949
83958
83961
83964
83965
83971
83976
83977
83978
83979
83996
83999
84000
84006
84007
84013
84035
84036
84037
84038
84039
84040
84041
84054
84055
84075
84078
84079
84080
84084
84096
84097
84098
84099
84100
84101
84102
84103
84104
84105
84118
84119
84121
84122
84123
84124
84125
84126
84159
84161
84162
84166
84167
84169
84171
84172
84182
84184
84197
84198
84199
84204
84205
84206
84207
84215
84217
84218
84230
84231
84237
84249
84261
84264
84268
84269
84270
84271
84272
84286
84307
84308
84309
84310
84323
84324
84340
84341
84343
84344
84345
84349
84366
84367
84371
84372
84373
84374
84375
84395
84398
84399
84401
84402
84403
84417
84418
84432
84433
84434
84443
84444
84445
84446
84457
84461
84472
84473
84476
84477
84478
84484
84485
84486
84487
84488
84503
84528
84542
84554
84556
84557
84558
84559
84560
84565
84568
84569
84570
84571
84572
84573
84613
84615
84624
84625
84639
84645
84646
84663
84664
84667
84668
84676
84680
84681
84682
84683
84684
84685
84686
84697
84703
84704
84705
84706
84707
84708
84709
84710
84711
84719
84728
84729
84730
84731
84732
84734
84743
84744
84759
84766
84772
84776
84792
84795
84810
84811
84812
84813
84814
84815
84821
84822
84825
84830
84833
84834
84839
84853
84854
84855
84859
84861
84862
84916
84917
84926
84948
84949
84950
84975
84976
84977
84991
85008
85016
85034
85070
85078
85089
85090
85094
85095
85200
85223
85228
85235
85270
85284
85289
85292
85293
85294
85295
85313
85314
85323
85324
85326
85336
85342
85360
85361
85369
85370
85371
85380
85402
85403
85461
85476
85482
85493
85494
85495
85496
85497
85530
85531
85592
85649
85650
85651
85652
85673
85674
85705
85714
85728
85729
85730
85745
85752
85753
85754
85771
85772
85792
85793
85796
85811
85847
85848
85849
85850
85863
85864
85865
85866
85867
85868
85880
85893
85895
85927
85968
85985
85986
85987
86017
86019
86020
86021
86029
86054
86055
86084
86086
86091
86103
86108
86133
86201
86247
86263
86269
86306
86350
86389
86390
86391
86392
86427
86428
86447
86578
86587
86662
86741
86745
86778
86810
86811
86859
86976
86977
86978
87032
87087
87088
87089
87090
87104
87121
87148
87183
87193
87340
87386
87416
87453
87460
87472
87508
87549
87550
87584
87768
87769
87771
87772
87789
87794
87806
87848
87866
87886
87908
87927
88025
88042
88131
88132
88133
88138
88184
88214
88234
88235
88248
88249
88252
88253
88261
88314
88347
88468
88491
88517
88531
88576
88590
88654
88713
88715
88716
88719
88720
88722
88723
88811
88813
88818
88825
88846
88848
88852
88869
88870
88871
88872
88873
88884
88886
88896
88897
88898
88905
88906
88907
88908
88909
88910
88944
88946
88947
88948
88949
88950
88951
88952
88953
88954
88956
88957
88966
88968
88990
88991
88992
88993
88994
88995
89021
89022
89023
89033
89034
89035
89036
89041
89049
89050
89056
89057
89060
89067
89068
89077
89106
89108
89109
89110
89117
89124
89127
89128
89129
89172
89174
89176
89203
89204
89205
89236
89242
89253
89254
89255
89256
89257
89259
89260
89265
89282
89291
89293
89326
89328
89337
89371
89385
89398
89406
89408
89409
89443
89444
89445
89446
89447
89448
89461
89465
89481
89482
89485
89488
89490
89491
89499
89500
89501
89511
89512
89513
89536
89551
89555
89556
89576
89577
89602
89621
89623
89625
89629
89630
89631
89632
89653
89656
89657
89664
89665
89694
89711
89735
89742
89747
89753
89778
89781
89783
89787
89809
89811
