20
22
24
25
26
27
58
59
64
65
66
68
69
70
72
73
78
86
87
92
99
101
111
112
132
27005
27013
27015
27018
27023
27032
27040
27042
27049
27053
27055
27065
27066
27067
27068
27070
27088
27089
27090
27111
27113
27126
27180
27190
27195
27203
27216
27217
27218
27226
27238
27245
27247
27248
27256
27257
27268
27269
27271
27272
27276
27277
27279
27291
27304
27305
27311
27312
27313
27316
27317
27318
27321
27325
27329
27339
27349
27358
27381
27384
27391
27394
27399
27400
27401
27403
27412
27418
27449
27450
27453
27459
27460
27461
27463
27468
27474
27475
27484
27485
27489
27492
27494
27518
27555
27559
27566
27567
27571
27572
27574
27605
27606
27607
27608
27609
27610
27612
27613
27614
27615
27616
27627
27628
27634
