131333
131337
131342
131343
131344
131501
131521
131522
131524
131525
131549
131579
131580
131602
131603
131604
131605
131606
131607
131609
131617
131660
131661
131662
131663
131677
131678
131679
131688
131689
131690
131691
131692
131693
131694
131695
131703
131719
131720
131721
131727
131731
131732
131754
131755
131756
131757
131772
131773
131774
131775
131776
131782
131799
131811
131815
131831
131833
131841
131860
131861
131862
131864
131873
131876
131924
131925
131926
131927
131928
131929
131930
131939
131943
131944
131945
131946
131947
131950
131951
131952
131953
131958
131966
131967
131968
131969
131970
131971
131972
131987
131989
131991
131999
132010
132011
132012
132013
132030
132031
132032
132033
132034
132035
132036
132037
132038
132044
132045
132046
132047
132048
132049
132050
132053
132056
132064
132065
132066
132067
132068
132069
132076
132077
132078
132079
132089
132090
132091
132092
132093
132094
132095
132096
132112
132113
132114
132115
132116
132117
132118
132119
132120
132123
132124
132125
132127
132128
132129
132135
132136
132137
132139
132163
132164
132165
132166
132168
132175
132176
132177
132181
132182
132188
132189
132190
132191
132192
132208
132209
132211
132214
132215
132216
132227
132231
132247
132248
132249
132250
132252
132253
132258
132275
132276
132297
132307
132308
132309
132310
132313
132316
132319
132324
132325
132329
132330
132346
132347
132348
132349
132350
132351
132352
132362
132363
132364
132374
132383
132384
132385
132388
132396
132400
132401
132422
132423
132424
132429
132432
132444
132459
132469
132470
132480
132481
132482
132484
132491
132493
132495
132496
132500
132501
132503
132506
132510
132513
132516
132521
132522
132546
132547
132555
132589
132600
132603
132605
132606
132609
132626
132638
132653
132660
132676
132725
132746
132760
132770
132779
132781
132785
132815
132820
132896
132955
132961
132985
133004
133067
133068
133096
133179
133182
133320
133324
133362
133365
133366
133379
133380
133381
133382
133383
133384
133385
133390
133391
133392
133393
133394
133395
133402
133403
133404
133405
133406
133420
133421
133434
133436
133437
133450
133452
133453
133454
133455
133456
133475
133476
133477
133479
133481
133487
133488
133489
133490
133491
133492
133493
133496
133497
133510
133511
133528
133531
133533
133534
133535
133540
133544
133545
133546
133547
133557
133560
133561
133563
133564
133565
133566
133567
133568
133569
133570
133571
133572
133573
133576
133587
133589
133591
133592
133593
133595
133596
133597
133598
133599
133601
133602
133603
133605
133606
133607
133608
133609
133616
133617
133620
133624
133625
133628
133629
133630
133631
133632
133633
133644
133645
133646
133647
133648
133649
133650
133651
133655
133656
133657
133661
133662
133663
133676
133677
133678
133686
133692
133693
133694
133695
133696
133697
133698
133704
133714
133715
133716
133717
133719
133723
133724
133725
133730
133731
133735
133737
133742
133743
133746
133748
133750
133752
133761
133762
133763
133769
133770
133771
133774
133830
133839
133840
133846
133856
133890
133895
133899
133915
133917
133921
133922
133938
133940
133941
133954
133955
133958
133959
133967
133968
133969
133970
133971
133972
133973
133993
133995
133998
133999
134019
134022
134024
134025
134029
134056
134070
134081
134082
134084
134101
134123
134156
134165
134170
134196
134197
134240
134241
134276
134280
134281
134282
134295
134308
134345
134360
134562
134575
134576
134579
134615
134645
134657
134676
134686
134793
134795
134811
134818
134830
134834
134840
134841
134842
134848
134859
134861
134862
134868
134870
134871
134879
134881
134882
134886
134915
134927
134993
135040
135047
135090
135092
135094
135099
135114
135115
135116
135121
135126
135127
135129
135130
135131
135136
135138
135145
135152
135154
135155
135159
135160
135161
135163
135212
135213
135214
135215
135216
135217
135218
135219
135220
135221
135222
135223
135224
135225
135226
135227
135238
135239
135240
135241
135242
135243
135244
135261
135263
135264
135265
135267
135273
135274
135286
135287
135288
135289
135290
135291
135292
135293
135294
135295
135296
135297
135299
135300
135312
135316
135317
135326
135327
135328
135338
135339
135340
135341
135342
135373
135381
135385
135386
135387
135388
135399
135400
135411
135412
135413
135420
135429
135430
135431
135432
135435
135436
135437
135438
135446
135447
135448
135449
135458
135459
135460
135462
135466
135467
135485
135486
135493
135519
135521
135527
135528
135535
135547
135548
135549
135550
135551
135552
135553
135554
135557
135558
135559
135564
135565
135566
135567
135568
135569
135570
135571
135572
135579
135580
135581
135582
135583
135584
135586
135593
135613
135641
135649
135670
135673
135674
135694
135695
135700
135701
135702
135703
135705
135713
135714
135715
135716
135717
135722
135723
135724
135725
135727
135728
135729
135732
135733
135734
135735
135741
135742
135750
135751
135752
135754
135755
135756
135759
135764
135766
135769
135775
135790
135793
135807
135808
135812
135813
135814
135815
135826
135833
135834
135835
135839
135840
135850
135851
135852
135856
135872
135880
135890
135891
135892
135894
135896
135911
135913
135915
135916
135918
135925
135926
135927
135928
135950
135951
135954
135975
135979
135986
135987
135997
135999
136001
136016
136017
136025
136089
136090
136098
136103
136112
136113
136114
136115
136117
136118
136123
136124
136168
136200
136203
136205
136219
136226
136227
136248
136341
136342
136343
136386
136422
136475
136480
136545
136577
136588
136691
136712
136721
136880
136882
136883
136884
136885
136901
136904
136905
136906
136930
136934
136936
136939
136940
136971
136972
136979
136980
136997
137010
137011
137013
137014
137047
137048
137049
137050
137051
137052
137053
137054
137067
137068
137073
137088
137089
137090
137091
137092
137093
137094
137097
137098
137099
137101
137104
137105
137106
137107
137119
137129
137131
137134
137139
137140
137141
137147
137149
137150
137151
137180
137181
137182
137183
137184
137189
137211
137213
137214
137216
137217
137223
137224
137225
137226
137227
137230
137231
137232
137233
137234
137235
137238
137251
137253
137254
137255
137256
137257
137258
137259
137265
137266
137267
137268
137269
137270
137275
137289
137291
137307
137311
137319
137324
137325
137326
137327
137328
137329
137330
137335
137337
137345
137354
137357
137358
137360
137361
137365
137367
137368
137370
137378
137403
137404
137409
137410
137411
137417
137450
137475
137488
137500
137515
137516
137530
137548
137571
137596
137606
137639
137642
137644
137655
137782
137786
137856
137859
137860
137874
137875
137876
137879
137889
137890
137891
137892
137893
137894
137895
137896
137897
137898
137899
137900
137901
137902
137903
137906
137907
137908
137909
137910
137918
137920
137924
137927
137928
137929
137933
137934
137935
137936
137937
137938
137944
137945
137953
137958
137959
137968
137975
137981
137993
138019
138022
138037
138053
138076
138087
138088
138099
138105
138106
138107
138111
138112
138113
138114
138117
138118
138120
138136
138142
138156
138157
138158
138166
138181
138182
138183
138199
138204
138213
138215
138218
138230
138241
138248
138253
138272
138300
138305
138318
138431
138436
138466
138477
138481
138487
138489
138501
138505
138506
138526
138532
138534
138540
138542
138551
138552
138573
138574
138577
138595
138599
138605
138606
139060
139061
139760
139826
139827
139959
139960
140052
140053
140054
140058
140059
140091
140093
140094
140096
140244
140245
140246
140247
140317
140318
140319
140320
140321
140322
140323
140324
140325
140326
140374
140375
140376
140377
140380
140381
140382
140383
140384
140385
140386
140392
140393
140394
140420
140421
140477
140491
140499
140513
140517
140518
140519
140544
140545
140586
140622
140628
140629
140631
140638
140639
140640
140655
140656
140657
140658
140659
140660
140661
140662
140663
140674
140675
140676
140677
140678
140679
140680
140683
140684
140685
140692
140693
140695
140696
140713
140715
140717
140729
140730
140731
140738
140739
140740
140741
140749
140756
140758
140762
140763
140764
140765
140766
140767
140769
140770
140830
140889
140938
140939
140942
140943
140946
140947
140957
140958
140959
140960
140961
140963
140964
140977
140978
140987
140988
140990
140992
140993
140994
140995
140996
141009
141013
141014
141019
141020
141021
141022
141023
141024
141025
141026
141027
141059
141070
141071
141072
141100
141101
141102
141103
141104
141105
141106
141107
141108
141109
141110
141111
141115
141123
141126
141128
141154
141155
141156
141159
141160
141161
141183
141184
141185
141186
141189
141196
141232
141233
141234
141235
141236
141237
141238
141239
141240
141241
141242
141243
141244
141245
141257
141258
141265
141266
141267
141268
141280
141281
141288
141289
141290
141291
141292
141293
141294
141299
141300
141301
141302
141304
141317
141321
141322
141323
141324
141325
141336
141337
141338
141339
141349
141353
141354
141355
141356
141357
141358
141359
141360
141361
141363
141374
141376
141383
141387
141388
141389
141396
141397
141399
141400
141401
141402
141403
141404
141410
141411
141412
141414
141415
141416
141417
141441
141443
141447
141462
141478
141479
141480
141481
141482
141483
141484
141521
141522
141523
141524
141525
141526
141533
141534
141540
141541
141542
141543
141544
141546
141547
141548
141549
141550
141551
141572
141574
141575
141581
141582
141583
141584
141586
141588
141589
141590
141591
141592
141593
141594
141602
141603
141604
141614
141615
141616
141617
141618
141619
141620
141621
141622
141623
141625
141626
141627
141634
141636
141637
141638
141642
141643
141644
141645
141646
141647
141648
141658
141659
141660
141666
141680
141689
141690
141696
141697
141710
141722
141723
141724
141725
141726
141727
141728
141729
141730
141731
141733
141734
141739
141748
141792
141794
141796
141797
141804
141805
141806
141807
141808
141812
141819
141820
141821
141822
141832
141833
141842
141843
141844
141845
141846
141847
141848
141849
141858
141859
141860
141861
141862
141863
141864
141865
141866
141867
141868
141871
141872
141880
141881
141882
141883
141884
141885
141886
141887
141888
141889
141897
141899
141900
141902
141903
141904
141905
141916
141917
141919
141920
141925
141947
141948
141949
141971
141974
141975
141976
141977
141984
141985
141986
141987
141988
141989
141993
141995
141996
141998
141999
142000
142002
142004
142005
142006
142008
142009
142010
142023
142024
142025
142026
142027
142047
142048
142049
142050
142051
142061
142073
142081
142083
142084
142085
142088
142089
142105
142109
142116
142117
142118
142119
142120
142124
142128
142131
142132
142133
142134
142135
142136
142139
142141
142142
142143
142144
142151
142154
142155
142156
142157
142164
142165
142166
142167
142168
142169
142170
142171
142179
142188
142191
142192
142193
142194
142195
142196
142202
142203
142204
142205
142206
142207
142208
142209
142210
142219
142220
142221
142222
142226
142227
142228
142232
142233
142234
142235
142236
142237
142238
142239
142240
142241
142242
142243
142245
142252
142253
142254
142264
142265
142266
142276
142277
142278
142279
142280
142281
142282
142296
142297
142298
142301
142303
142310
142312
142324
142325
142331
142332
142333
142334
142335
142336
142337
142338
142339
142346
142354
142355
142361
142364
142365
142366
142367
142368
142380
142381
142382
142385
142386
142392
142411
142412
142422
142423
142424
142425
142426
142433
142434
142435
142436
142437
142438
142439
142440
142441
142442
142443
142453
142454
142455
142456
142457
142458
142476
142477
142490
142493
142494
142495
142496
142497
142498
142499
142502
142504
142505
142506
142507
142508
142514
142538
142539
142541
142542
142543
142550
142574
142575
142576
142577
142578
142579
142580
142583
142584
142585
142586
142587
142588
142596
142601
142602
142603
142605
142606
142608
142609
142610
142611
142612
142613
142652
142653
142654
142655
142670
142671
142672
142673
142674
142690
142691
142692
142693
142694
142695
142696
142697
142705
142706
142707
142708
142709
142710
142711
142712
142718
142719
142720
142721
142722
142732
142734
142735
142736
142737
142738
142741
142742
142760
142763
142765
142770
142771
142786
142787
142788
142789
142799
142806
142807
142808
142809
142810
142812
142814
142816
142818
142820
142828
142829
142830
142831
142832
142833
142834
142837
142842
142843
142844
142845
142846
142854
142855
142856
142857
142858
142859
142864
142865
142866
142870
142871
142872
142893
142894
142896
142897
142898
142899
142900
142905
142906
142924
142925
142944
142945
142946
142948
142953
142954
142955
142956
142957
142958
142962
142963
142966
142967
142973
142974
142975
142976
142977
142978
142979
142980
142984
142986
142988
142989
142990
142991
142998
142999
143000
143001
143002
143003
143004
143005
143010
143011
143012
143013
143014
143015
143016
143017
143022
143023
143024
143025
143026
143027
143035
143067
143068
143069
143073
143074
143075
143076
143077
143078
143079
143087
143091
143092
143093
143094
143095
143096
143097
143098
143099
143100
143104
143105
143106
143107
143108
143109
143114
143115
143129
143130
143131
143132
143133
143134
143136
143139
143140
143141
143142
143144
143156
143159
143160
143161
143162
143170
143171
143172
143173
143174
143175
143176
143177
143179
143181
143204
143205
143206
143207
143208
143209
143210
143211
143212
143213
143217
143219
143220
143221
143233
143234
143235
143236
143237
143238
143239
143245
143248
143250
143251
143252
143253
143254
143255
143256
143258
143259
143260
143261
143275
143276
143277
143278
143281
143284
143286
143289
143291
143292
143295
143301
143303
143304
143305
143306
143307
143320
143326
143327
143334
143335
143336
143337
143338
143339
143340
143341
143343
143345
143346
143347
143348
143349
143350
143366
143368
143373
143375
143381
143399
143400
143401
143411
143412
143433
143435
143441
143445
143461
143462
143463
143474
143475
143488
143493
143494
143495
143496
143497
143498
143510
143513
143549
143550
143551
143552
143553
143554
143555
143556
143557
143558
143572
143573
143574
143575
143577
143579
143580
143581
143582
143584
143587
143588
143589
143590
143591
143592
143593
143594
143607
143612
143613
143614
143615
143617
143620
143621
143622
143623
143624
143626
143627
143628
143629
143637
143645
143671
143676
143677
143678
143684
143689
143690
143702
143703
143704
143740
143741
143742
143743
143744
143745
143746
143753
143758
143784
143786
143793
143794
143796
143797
143798
143804
143807
143824
143825
143826
143827
143828
143829
143845
143848
143850
143851
143852
143853
143858
143859
143860
143861
143862
143863
143864
143865
143866
143885
143886
143887
143915
143916
143917
143918
143919
143920
143921
143925
143926
143927
143928
143929
143930
143937
143938
143939
143940
143952
143954
143955
143959
143960
143961
143962
143963
143964
143965
143966
143976
143980
143981
143982
143983
143984
143985
143986
144019
144027
144028
144029
144030
144031
144032
144033
144034
144046
144062
144063
144064
144066
144069
144070
144080
144084
144085
144086
144087
144088
144089
144090
144091
144092
144093
144094
144095
144097
144098
144099
144100
144101
144104
144105
144106
144107
144110
144134
144135
144136
144140
144143
144145
144150
144159
144160
144162
144163
144171
144201
144203
144205
144207
144209
144212
144229
144230
144231
144234
144235
144238
144244
144246
144250
144258
144259
144260
144261
144262
144263
144264
144265
144269
144271
144286
144287
144288
144289
144291
144292
144293
144294
144295
144296
144297
144298
144311
144315
144316
144317
144319
144320
144321
144327
144365
144379
144387
144388
144389
144390
144395
144396
144398
144399
144400
144401
144402
144403
144405
144406
144407
144408
144413
144415
144419
144420
144421
144422
144428
144429
144442
144443
144444
144446
144447
144450
144452
144453
144457
144465
144467
144468
144469
144470
144481
144497
144501
144510
144511
144512
144515
144520
144521
144522
144523
144529
144530
144531
144532
144533
144534
144535
144552
144563
144565
144567
144577
144585
144587
144592
144594
144595
144596
144597
144598
144599
144600
144601
144610
144611
144612
144613
144628
144629
144630
144631
144632
144653
144654
144655
144666
144667
144668
144685
144703
144708
144709
144745
144746
144747
144748
144770
144798
144799
144800
144801
144825
144826
144827
144828
144838
144848
144849
144852
144860
144861
144862
144879
144886
144890
144891
144892
144893
144903
144905
144910
144911
144918
144976
144995
144996
144998
144999
145003
145005
145006
145007
145015
145022
145023
145028
145029
145030
145035
145036
145051
145052
145058
145063
145097
145100
145104
145113
145119
145121
145128
145169
145170
145171
145172
145174
145176
145177
145180
145181
145184
145193
145194
145200
145212
145213
145214
145215
145216
145232
145236
145237
145245
145246
145262
145266
145330
145331
145332
145333
145335
145338
145344
145345
145351
145400
145401
145433
145434
145435
145436
145437
145438
145451
145470
145482
145485
145486
145504
145505
145515
145516
145548
145549
145551
145552
145553
145572
145573
145574
145575
145578
145579
145594
145605
145629
145641
145656
145664
145666
145687
145693
145718
145762
145771
145784
145821
145903
145904
146034
146051
146077
146079
146090
146093
146094
146100
146112
146143
146144
146146
146151
146152
146180
146194
146215
146229
146248
146279
146286
146342
146411
146414
146415
146447
146451
146469
146484
146485
146520
146563
146576
146632
146654
146655
146678
146690
146692
146762
146785
146842
146878
146890
146895
146913
146938
146939
147072
147079
147082
147083
147089
147115
147178
147181
147185
147212
147311
147315
147317
147323
147352
147385
147386
147443
147498
147615
147625
147628
147629
147636
147680
147692
147725
147735
147742
147753
147854
147884
147954
147996
148025
148197
148216
148222
148280
148281
148293
148295
148329
148397
148447
148529
148530
148696
148810
149027
149035
149038
149071
149106
149150
149321
150773
150967
150968
150969
150970
150973
150974
150987
151048
151097
151099
151165
151167
151168
151169
151170
151171
151228
151229
151230
151231
151232
151335
151337
151338
151366
151391
151392
151403
151407
151408
151409
151416
151417
151418
151466
151467
151468
151469
151471
151473
151474
151475
151476
151477
151478
151479
151480
151484
151485
151486
151513
151514
151521
151522
151534
151571
151579
151582
151606
151609
151610
151668
151669
151670
151671
151700
151705
151717
151718
151719
151720
151742
151767
151768
151769
151774
151775
151786
151787
151788
151789
151796
151797
151798
151799
151800
151842
151843
151863
151872
151888
151889
151891
151894
151895
151896
151897
151898
151926
151935
151938
151944
151945
151946
151954
151957
151960
151969
151970
151971
151972
151973
151974
151975
151980
151999
152000
152001
152002
152011
152012
152013
152014
152015
152016
152017
152018
152037
152046
152048
152052
152053
152062
152063
152064
152065
152076
152081
152082
152083
152084
152090
152091
152092
152093
152094
152095
152105
152107
152117
152118
152119
152120
152121
152122
152123
152126
152127
152128
152153
152154
152155
152156
152157
152179
152180
152182
152207
152208
152209
152210
152211
152216
152217
152230
152231
152232
152233
152262
152263
152264
152266
152267
152268
152269
152270
152271
152272
152273
152274
152275
152276
152277
152278
152337
152340
152341
152342
152343
152344
152345
152346
152377
152394
152395
152396
152404
152405
152406
152407
152408
152411
152412
152413
152414
152415
152420
152421
152422
152427
152479
152480
152482
152497
152498
152499
152520
152521
152522
152530
152541
152542
152543
152545
152548
152551
152558
152568
152619
152620
152621
152622
152623
152624
152625
152626
152627
152628
152629
152655
152656
152657
152658
152665
152666
152667
152668
152669
152673
152674
152675
152676
152677
152678
152686
152687
152688
152689
152690
152692
152693
152694
152695
152696
152697
152711
152727
152770
152772
152773
152774
152776
152778
152780
152788
152792
152793
152794
152795
152815
152844
152845
152846
152847
152848
152854
152856
152859
152860
152861
152862
152870
152872
152873
152874
152879
152880
152881
152882
152883
152884
152885
152896
152905
152906
152915
152916
152917
152918
152930
152931
152950
152951
152954
152955
153007
153008
153012
153013
153019
153020
153021
153031
153039
153045
153046
153084
153094
153095
153096
153119
153120
153136
153137
153138
153139
153140
153141
153142
153147
153148
153153
153155
153172
153180
153187
153188
153190
153191
153192
153193
153194
153195
153225
153226
153227
153228
153229
153230
153231
153232
153233
153234
153235
153236
153252
153253
153254
153255
153256
153271
153272
153273
153274
153275
153276
153278
153280
153281
153282
153283
153310
153311
153312
153313
153314
153315
153316
153317
153335
153336
153348
153349
153350
153351
153352
153353
153354
153355
153356
153357
153400
153401
153402
153419
153433
153434
153435
153436
153437
153451
153452
153453
153454
153455
153456
153469
153471
153472
153473
153474
153475
153476
153477
153478
153479
153480
153524
153542
153585
153599
153600
153601
153602
153603
153604
153632
153635
153637
153639
153643
153644
153645
153646
153647
153648
153649
153651
153653
153654
153655
153656
153668
153669
153670
153671
153672
153673
153674
153675
153676
153677
153678
153714
153715
153716
153718
153719
153720
153721
153722
153723
153724
153725
153726
153733
153734
153749
153751
153752
153753
153761
153765
153766
153767
153768
153798
153799
153800
153801
153802
153809
153810
153811
153822
153835
153836
153837
153838
153839
153840
153841
153842
153843
153844
153851
153854
153855
153856
153857
153861
153862
153863
153864
153878
153879
153880
153881
153882
153919
153920
153921
153923
153925
153926
153927
153930
153931
153932
153933
153934
153935
153945
153946
153953
153957
153958
153959
153960
153961
153962
153963
153964
153965
153968
153981
153982
153983
153984
153985
153990
153991
153992
154017
154018
154019
154029
154030
154031
154058
154059
154060
154061
154083
154084
154085
154137
154138
154139
154140
154141
154142
154147
154165
154173
154174
154175
154179
154180
154181
154182
154183
154184
154189
154190
154191
154192
154219
154220
154221
154222
154223
154224
154235
154236
154237
154239
154240
154241
154242
154246
154247
154250
154251
154258
154259
154278
154279
154280
154281
154282
154283
154303
154304
154306
154307
154308
154311
154313
154321
154325
154327
154328
154337
154338
154339
154340
154341
154342
154343
154344
154345
154346
154347
154354
154355
154357
154378
154414
154415
154416
154417
154418
154419
154420
154435
154436
154444
154457
154458
154473
154479
154480
154492
154494
154496
154497
154504
154505
154506
154507
154508
154509
154510
154511
154512
154520
154534
154535
154536
154541
154545
154546
154547
154548
154549
154550
154552
154553
154554
154567
154568
154569
154570
154575
154576
154577
154578
154579
154580
154587
154588
154594
154595
154596
154597
154598
154599
154601
154603
154608
154609
154610
154611
154612
154613
154614
154615
154616
154619
154620
154621
154622
154623
154624
154625
154638
154639
154640
154642
154643
154644
154645
154646
154674
154675
154676
154677
154726
154727
154738
154739
154740
154742
154743
154744
154745
154746
154753
154754
154755
154756
154757
154758
154760
154761
154766
154767
154768
154769
154773
154774
154775
154776
154781
154782
154783
154784
154789
154790
154791
154792
154793
154794
154798
154802
154804
154808
154809
154820
154821
154822
154829
154841
154842
154845
154846
154847
154848
154849
154851
154880
154881
154882
154883
154893
154922
154942
154964
154965
154966
154967
154968
154969
154970
154971
154972
154973
154974
154975
154976
154977
154978
154991
154993
154994
154995
154997
155001
155002
155024
155025
155027
155028
155041
155043
155044
155045
155046
155047
155048
155057
155061
155062
155065
155070
155079
155082
155084
155098
155099
155105
155113
155114
155116
155117
155119
155130
155141
155143
155144
155147
155154
155155
155156
155163
155164
155165
155167
155168
155169
155170
155171
155174
155208
155209
155210
155211
155220
155221
155233
155234
155235
155236
155237
155238
155242
155244
155245
155246
155276
155277
155278
155279
155280
155281
155282
155283
155284
155285
155286
155288
155294
155295
155296
155297
155298
155299
155300
155301
155329
155330
155331
155332
155333
155345
155346
155347
155348
155367
155368
155369
155370
155382
155383
155385
155393
155412
155414
155417
155418
155419
155420
155421
155438
155439
155440
155441
155442
155443
155444
155445
155446
155467
155468
155469
155470
155471
155474
155478
155482
155485
155487
155488
155489
155492
155493
155494
155495
155496
155497
155504
155517
155519
155528
155529
155530
155531
155532
155534
155535
155536
155539
155540
155552
155553
155554
155560
155564
155565
155578
155579
155580
155581
155582
155583
155586
155588
155600
155605
155606
155607
155632
155633
155648
155655
155656
155658
155661
155662
155667
155668
155669
155670
155671
155675
155676
155677
155678
155679
155680
155681
155683
155685
155686
155687
155720
155725
155726
155727
155728
155734
155751
155766
155771
155772
155773
155777
155778
155780
155781
155786
155787
155788
155789
155790
155791
155792
155793
155794
155795
155814
155815
155816
155818
155819
155823
155824
155825
155826
155831
155832
155833
155834
155842
155843
155846
155847
155848
155855
155857
155858
155859
155860
155861
155879
155881
155882
155935
155936
155937
155958
155959
155960
155961
155963
155974
155975
155976
155977
155987
155993
155994
156007
156008
156015
156026
156030
156031
156032
156039
156040
156041
156042
156043
156044
156045
156046
156071
156098
156099
156121
156122
156123
156124
156125
156126
156127
156128
156131
156132
156133
156149
156150
156151
156161
156168
156172
156173
156174
156175
156176
156177
156178
156180
156181
156206
156207
156208
156209
156210
156211
156215
156216
156217
156218
156221
156228
156229
156231
156242
156250
156251
156270
156293
156294
156295
156296
156306
156311
156330
156331
156332
156333
156335
156358
156360
156361
156374
156375
156376
156377
156378
156379
156382
156401
156402
156403
156421
156426
156427
156429
156430
156431
156432
156433
156436
156437
156438
156439
156440
156448
156455
156461
156467
156468
156469
156470
156471
156479
156480
156517
156518
156519
156520
156521
156522
156523
156526
156527
156528
156557
156558
156562
156565
156567
156568
156569
156583
156589
156605
156606
156607
156608
156609
156615
156625
156626
156628
156633
156634
156635
156636
156637
156638
156639
156641
156642
156643
156644
156645
156646
156647
156651
156652
156653
156654
156662
156663
156664
156678
156680
156681
156682
156683
156684
156685
156686
156687
156690
156691
156692
156694
156706
156707
156708
156712
156727
156728
156730
156732
156733
156735
156736
156737
156740
156741
156742
156745
156746
156747
156748
156749
156753
156771
156772
156773
156774
156775
156777
156781
156782
156783
156789
156794
156801
156815
156816
156817
156818
156819
156820
156821
156822
156823
156824
156825
156826
156828
156829
156830
156831
156832
156835
156837
156838
156839
156840
156858
156859
156860
156863
156864
156877
156909
156919
156929
156930
156933
156948
156949
156951
156962
156963
156964
156993
156994
156995
156996
157000
157001
157002
157003
157004
157005
157022
157024
157025
157034
157085
157086
157101
157102
157106
157124
157139
157140
157160
157161
157162
157163
157164
157165
157166
157167
157169
157192
157195
157207
157209
157210
157213
157233
157234
157262
157264
157265
157266
157267
157268
157291
157292
157293
157294
157295
157302
157303
157309
157310
157311
157321
157322
157323
157324
157334
157335
157350
157351
157352
157353
157354
157386
157387
157392
157399
157403
157415
157417
157421
157435
157436
157437
157438
157439
157459
157460
157464
157488
157490
157493
157495
157496
157502
157503
157505
157516
157524
157525
157528
157529
157530
157531
157543
157544
157545
157546
157548
157568
157569
157584
157585
157593
157594
157595
157602
157603
157609
157610
157611
157613
157614
157615
157623
157624
157625
157627
157628
157629
157630
157643
157644
157677
157678
157679
157680
157681
157682
157683
157693
157694
157695
157696
157697
157698
157707
157708
157709
157711
157712
157713
157714
157717
157725
157726
157727
157735
157750
157768
157777
157778
157780
157781
157783
157786
157787
157788
157790
157791
157792
157793
157795
157796
157797
157798
157807
157823
157824
157825
157842
157849
157862
157863
157864
157865
157870
157906
157924
157926
157927
157928
157932
157964
157965
157966
157967
157976
157977
157978
157980
158000
158001
158002
158003
158004
158005
158006
158007
158011
158013
158014
158015
158018
158019
158020
158028
158029
158030
158050
158051
158061
158090
158091
158092
158093
158094
158095
158096
158125
158140
158143
158186
158202
158203
158204
158243
158250
158251
158256
158257
158271
158276
158277
158294
158295
158299
158312
158314
158318
158333
158336
158346
158359
158362
158364
158365
158366
158380
158383
158384
158385
158386
158387
158397
158400
158401
158405
158406
158407
158408
158409
158410
158419
158430
158433
158455
158456
158457
158458
158470
158471
158493
158494
158495
158496
158497
158499
158500
158501
158502
158503
158506
158507
158543
158551
158553
158564
158570
158571
158584
158591
158592
158593
158596
158598
158601
158604
158618
158619
158624
158625
158631
158643
158644
158656
158657
158663
158664
158690
158691
158693
158694
158697
158699
158701
158702
158703
158704
158717
158718
158719
158720
158721
158734
158757
158766
158772
158784
158785
158819
158820
158824
158825
158828
158829
158874
158875
158900
158901
158908
158932
158938
158939
158940
158941
158975
158988
158990
158991
158992
158993
159018
159019
159047
159048
159049
159056
159077
159083
159169
159170
159174
159184
159195
159196
159197
159198
159210
159242
159260
159274
159306
159315
159325
159352
159362
159363
159365
159370
159379
159380
159382
159404
159406
159430
159460
159518
159525
159541
159547
159558
159570
159585
159586
159629
159630
159653
159672
159673
159686
159691
159692
159693
159694
159782
159830
159834
159836
159837
159898
159899
159900
159971
159972
159973
159977
159980
159996
159997
159999
160001
160041
160042
160054
160055
160059
160081
160085
160109
160110
160115
160116
160161
160171
160172
160173
160174
160183
160191
160197
160211
160233
160273
160274
160281
160284
160305
160311
160411
160417
160421
160438
160447
160463
160514
160526
160545
160547
160566
160577
160580
160581
160588
160597
160600
160631
160643
160648
160649
160686
160687
160688
160702
160736
160799
160865
160888
160916
160931
160968
160980
161053
161054
161157
161162
161202
161225
161241
161242
161267
161303
161306
161345
161348
161453
161459
161472
161542
161555
161581
161648
161650
161654
161666
161691
161750
161751
161753
161787
161798
161919
161935
161984
162004
162017
162027
162052
162058
162100
162151
162157
162184
162408
162433
162446
162490
162592
162594
162601
162616
162626
162627
162629
162631
162632
162634
162637
162650
162653
162655
162680
162683
162686
162701
162709
162780
162786
162790
162791
162809
162817
162826
162838
162860
162880
162881
162884
162885
162888
162889
162896
162898
162909
162910
162913
162914
162916
162922
162923
162924
162925
162931
162932
162933
162934
162935
162936
162937
162938
162939
162940
162945
162946
162947
162948
162950
162953
162954
162970
162988
162998
163006
163012
163013
163014
163015
163017
163018
163028
163029
163041
163042
163052
163058
163059
163060
163072
163075
163084
163085
163088
163090
163093
163098
163099
163100
163101
163105
163106
163107
163108
163145
163146
163147
163148
163167
163204
163270
163285
163293
163344
163389
163390
163405
163406
163407
163419
163433
163434
163440
163441
163445
163446
163447
163453
163458
163461
163462
163484
163487
163503
163507
