89864
89869
89872
89873
89878
89879
89880
89884
89890
89894
90749
90804
90805
90806
90807
90808
90809
90810
90811
90859
90889
90891
90940
90941
90942
91020
91042
91043
91056
91058
91059
91060
91063
91064
91065
91066
91067
91068
91069
91071
91072
91073
91074
91084
91085
91086
91087
91088
91089
91090
91091
91092
91115
91117
91118
91119
91120
91121
91131
91132
91133
91134
91143
91144
91145
91146
91150
91151
91152
91169
91171
91172
91174
91176
91182
91183
91184
91185
91187
91200
91202
91203
91204
91208
91215
91216
91217
91231
91260
91261
91264
91269
91270
91271
91272
91273
91275
91287
91289
91290
91293
91294
91295
91296
91297
91298
91303
91304
91318
91326
91327
91328
91329
91345
91353
91355
91356
91363
91364
91382
91383
91384
91385
91389
91390
91391
91392
91393
91398
91399
91408
91409
91410
91416
91418
91435
91436
91437
91440
91441
91442
91457
91458
91459
91460
91461
91462
91463
91485
91486
91491
91492
91493
91494
91495
91496
91497
91498
91499
91509
91510
91511
91512
91513
91522
91523
91524
91527
91538
91539
91540
91546
91547
91548
91549
91583
91584
91585
91592
91593
91596
91609
91614
91628
91629
91630
91636
91637
91638
91639
91640
91641
91662
91667
91668
91669
91686
91687
91688
91689
91690
91691
91692
91693
91695
91696
91697
91698
91699
91700
91701
91705
91706
91707
91710
91711
91714
91715
91717
91718
91719
91720
91721
91758
91764
91765
91766
91767
91769
91770
91771
91772
91773
91774
91777
91806
91807
91808
91809
91810
91811
91814
91815
91816
91831
91851
91852
91853
91854
91855
91857
91869
91877
91895
91896
91900
91901
91905
91906
91916
91919
91920
91921
91922
91927
91931
91932
91938
91939
91940
91941
91942
91943
91951
91958
91959
91963
91970
91971
92001
92002
92003
92004
92005
92006
92009
92010
92011
92012
92013
92014
92028
92035
92036
92037
92038
92044
92047
92049
92050
92062
92063
92064
92065
92066
92067
92068
92069
92070
92071
92072
92076
92077
92079
92085
92087
92088
92089
92092
92093
92094
92098
92099
92101
92105
92106
92107
92108
92109
92110
92111
92112
92135
92151
92152
92156
92163
92164
92165
92166
92169
92171
92172
92173
92174
92175
92176
92177
92178
92179
92180
92182
92183
92184
92185
92201
92202
92203
92204
92212
92213
92214
92215
92216
92217
92218
92220
92221
92222
92223
92232
92233
92234
92235
92257
92258
92259
92260
92289
92290
92291
92293
92296
92321
92322
92323
92324
92325
92338
92339
92340
92341
92342
92345
92351
92352
92353
92354
92355
92356
92357
92358
92359
92360
92361
92387
92388
92389
92392
92397
92415
92416
92417
92418
92419
92446
92447
92448
92449
92450
92451
92466
92467
92468
92472
92473
92474
92484
92489
92490
92491
92492
92493
92494
92495
92496
92517
92518
92519
92526
92527
92528
92534
92535
92536
92537
92544
92545
92546
92551
92556
92557
92558
92559
92560
92561
92562
92566
92568
92572
92573
92574
92575
92576
92577
92586
92592
92593
92595
92613
92614
92615
92617
92619
92632
92647
92652
92653
92654
92655
92656
92668
92674
92675
92676
92677
92678
92679
92680
92681
92682
92694
92695
92696
92697
92698
92700
92701
92702
92704
92718
92719
92724
92728
92729
92730
92731
92742
92743
92744
92745
92746
92747
92748
92749
92750
92753
92754
92755
92756
92758
92759
92760
92761
92762
92763
92765
92766
92767
92775
92784
92785
92786
92787
92788
92789
92795
92796
92797
92799
92800
92801
92802
92805
92806
92807
92808
92809
92810
92818
92826
92827
92828
92841
92842
92843
92844
92845
92846
92847
92848
92850
92851
92862
92863
92864
92865
92882
92885
92903
92918
92919
92920
92921
92922
92923
92924
92936
92937
92951
92952
92966
92967
92979
92983
92984
92988
92989
92990
92991
92993
93002
93007
93016
93017
93018
93019
93020
93021
93022
93073
93077
93078
93112
93127
93141
93155
93156
93159
93160
93176
93177
93178
93180
93181
93197
93198
93199
93200
93226
93227
93228
93229
93230
93231
93232
93235
93236
93237
93238
93239
93240
93269
93270
93274
93276
93284
93285
93286
93291
93293
93345
93346
93357
93358
93374
93375
93376
93377
93378
93397
93398
93399
93402
93412
93413
93414
93415
93416
93417
93418
93419
93420
93441
93442
93451
93452
93453
93454
93460
93461
93469
93470
93474
93495
93496
93497
93508
93509
93510
93512
93513
93514
93515
93516
93546
93547
93570
93571
93572
93573
93574
93594
93595
93596
93597
93598
93599
93613
93614
93615
93632
93633
93634
93667
93668
93669
93684
93688
93700
93708
93724
93727
93737
93738
93739
93754
93768
93769
93789
93826
93827
93828
93846
93857
93858
93876
93877
93878
93879
93880
93885
93886
93896
93897
93910
93933
93934
93935
93936
93937
93938
93939
93940
93943
93944
93945
93946
93949
93965
93968
93970
93972
93973
93997
94018
94019
94020
94021
94022
94043
94045
94055
94068
94078
94080
94081
94082
94086
94087
94088
94089
94090
94115
94116
94121
94122
94123
94124
94125
94126
94127
94135
94136
94137
94154
94155
94156
94157
94160
94178
94179
94182
94184
94185
94187
94188
94196
94200
94201
94217
94254
94271
94272
94274
94278
94280
94282
94283
94284
94287
94288
94289
94290
94291
94292
94293
94311
94317
94370
94371
94378
94391
94423
94424
94429
94430
94452
94453
94454
94456
94478
94479
94484
94485
94532
94535
94537
94540
94545
94547
94555
94556
94558
94582
94585
94586
94626
94673
94678
94685
94713
94715
94716
94717
94718
94721
94722
94725
94745
94748
94763
94764
94765
94774
94782
94788
94796
94810
94811
94812
94813
94814
94815
94817
94818
94819
94826
94853
94854
94855
94860
94867
94877
94878
94924
94959
94961
94971
94973
94974
94975
94984
94993
94994
95016
95017
95022
95049
95057
95061
95136
95160
95218
95247
95310
95332
95342
95387
95390
95421
95423
95465
95558
95652
95657
95711
95725
95900
95957
95986
96043
96088
96121
96189
96232
96243
96244
96245
96251
96291
96298
96299
96310
96311
96316
96320
96346
96348
96355
96358
96359
96360
96366
96368
96369
96420
96422
96425
96427
96433
96437
96442
96449
98077
98080
98167
98168
98169
98172
98225
98285
98455
98513
98514
98516
98517
98518
98527
98530
98558
98628
98643
98702
98703
98714
98715
98716
98717
98718
98719
98720
98721
98789
98790
98791
98793
98855
98856
98857
98871
98872
98895
98896
98897
98898
98938
98939
98940
98941
98942
98948
98949
98950
98951
98952
98953
98954
98955
98956
98957
98958
98959
99005
99006
99007
99043
99044
99049
99050
99051
99052
99053
99054
99055
99074
99096
99098
99099
99104
99105
99123
99124
99125
99126
99127
99128
99129
99130
99162
99163
99164
99165
99169
99170
99171
99172
99173
99174
99175
99176
99177
99178
99179
99180
99187
99188
99189
99190
99191
99192
99193
99204
99206
99209
99210
99211
99212
99213
99214
99215
99221
99222
99223
99224
99225
99226
99250
99251
99252
99253
99254
99255
99269
99270
99271
99272
99273
99274
99275
99276
99288
99322
99323
99369
99370
99371
99372
99373
99374
99385
99386
99399
99400
99401
99402
99403
99404
99405
99440
99467
99488
99489
99490
99491
99492
99493
99494
99499
99500
99501
99502
99503
99507
99512
99513
99514
99533
99534
99535
99551
99553
99556
99557
99558
99559
99560
99561
99562
99563
99564
99565
99566
99567
99568
99569
99586
99587
99588
99603
99604
99613
99614
99623
99624
99625
99626
99628
99629
99636
99637
99638
99645
99646
99647
99650
99651
99652
99653
99656
99657
99658
99659
99676
99677
99678
99679
99680
99701
99702
99703
99704
99719
99723
99724
99725
99726
99727
99728
99729
99730
99731
99732
99733
99734
99735
99736
99737
99738
99762
99769
99770
99771
99772
99773
99774
99775
99776
99777
99778
99779
99784
99785
99786
99787
99788
99789
99790
99791
99792
99793
99801
99802
99825
99826
99827
99828
99829
99830
99831
99832
99833
99834
99835
99841
99842
99844
99845
99846
99847
99848
99849
99850
99851
99856
99857
99858
99859
99863
99864
99877
99878
99879
99889
99890
99891
99901
99902
99903
99904
99912
99913
99916
99917
99918
99919
99920
99921
99981
99982
99983
99984
99985
100004
100005
100006
100009
100010
100011
100012
100013
100014
100015
100047
100054
100055
100071
100072
100073
100074
100075
100076
100077
100078
100079
100081
100082
100088
100089
100090
100102
100103
100114
100115
100116
100117
100118
100119
100122
100137
100140
100144
100145
100146
100147
100149
100150
100151
100152
100153
100154
100158
100163
100164
100165
100166
100167
100168
100169
100170
100171
100172
100173
100224
100226
100227
100228
100230
100231
100232
100233
100234
100235
100236
100241
100248
100249
100258
100259
100260
100261
100300
100301
100302
100303
100304
100305
100309
100313
100314
100315
100316
100320
100323
100325
100326
100327
100328
100329
100341
100342
100343
100350
100351
100352
100355
100356
100363
100364
100365
100367
100375
100376
100377
100391
100392
100393
100394
100395
100396
100397
100405
100406
100407
100408
100409
100412
100423
100425
100436
100437
100439
100441
100442
100443
100458
100459
100460
100461
100471
100476
100477
100481
100482
100515
100516
100536
100537
100538
100550
100551
100561
100584
100585
100595
100596
100597
100598
100599
100600
100601
100602
100603
100604
100605
100606
100610
100611
100647
100655
100656
100659
100660
100661
100662
100663
100664
100665
100666
100667
100672
100673
100674
100675
100676
100677
100678
100690
100691
100692
100693
100694
100695
100696
100699
100700
100701
100702
100703
100719
100720
100726
100727
100728
100748
100749
100758
100759
100760
100761
100762
100763
100764
100765
100766
100767
100768
100769
100770
100771
100772
100773
100774
100775
100776
100777
100778
100779
100780
100781
100782
100783
100784
100785
100786
100787
100788
100792
100794
100795
100796
100797
100798
100799
100812
100814
100816
100817
100818
100819
100820
100821
100822
100823
100824
100825
100838
100846
100854
100871
100872
100873
100874
100875
100876
100880
100892
100893
100894
100895
100896
100897
100898
100899
100901
100902
100905
100911
100912
100913
100915
100916
100917
100918
100919
100922
100923
100924
100930
100931
100932
100933
100934
100961
100962
100964
100972
100973
100982
100991
100992
100993
100994
100996
100997
101001
101003
101005
101006
101008
101009
101010
101011
101012
101014
101023
101024
101025
101035
101038
101040
101042
101051
101062
101063
101065
101066
101067
101099
101100
101101
101103
101104
101125
101127
101128
101131
101132
101133
101134
101135
101136
101137
101166
101167
101168
101169
101178
101179
101185
101186
101187
101189
101195
101196
101197
101200
101201
101202
101203
101204
101206
101207
101208
101209
101210
101211
101212
101213
101214
101215
101216
101218
101219
101222
101236
101237
101241
101242
101243
101244
101245
101258
101259
101262
101275
101284
101285
101286
101287
101288
101289
101290
101291
101317
101318
101319
101321
101332
101333
101334
101347
101354
101356
101357
101363
101378
101379
101380
101382
101389
101397
101405
101406
101407
101408
101409
101410
101411
101412
101413
101414
101415
101416
101417
101418
101421
101429
101430
101432
101433
101434
101435
101436
101437
101439
101440
101441
101442
101443
101444
101445
101446
101447
101448
101449
101450
101451
101458
101459
101460
101461
101462
101473
101474
101500
101501
101502
101503
101504
101505
101506
101507
101530
101531
101532
101533
101534
101535
101536
101551
101552
101555
101563
101564
101565
101568
101572
101573
101574
101575
101589
101590
101591
101592
101593
101594
101619
101620
101621
101640
101641
101642
101643
101644
101645
101646
101647
101648
101653
101654
101655
101656
101657
101658
101669
101692
101693
101694
101695
101696
101698
101699
101700
101701
101702
101703
101704
101705
101718
101719
101720
101731
101732
101733
101734
101735
101743
101744
101745
101746
101747
101748
101749
101751
101752
101753
101754
101755
101756
101757
101759
101760
101761
101762
101763
101776
101777
101778
101779
101787
101788
101789
101790
101791
101792
101793
101794
101795
101796
101797
101798
101799
101800
101801
101804
101805
101806
101816
101817
101818
101819
101822
101826
101827
101828
101829
101830
101831
101832
101833
101848
101849
101850
101851
101852
101853
101878
101886
101887
101888
101893
101894
101905
101924
101934
101935
101936
101938
101939
101942
101943
101944
101945
101958
101959
101960
101961
101962
101963
101989
102004
102013
102014
102016
102017
102018
102019
102024
102025
102026
102027
102033
102039
102040
102041
102042
102043
102044
102045
102046
102058
102059
102067
102068
102070
102071
102074
102075
102076
102077
102091
102092
102096
102097
102098
102099
102113
102138
102139
102140
102142
102143
102144
102145
102150
102152
102153
102154
102155
102156
102157
102161
102162
102163
102164
102165
102166
102167
102168
102172
102175
102190
102191
102193
102194
102210
102211
102212
102213
102214
102222
102223
102224
102225
102226
102227
102229
102237
102239
102240
102241
102242
102251
102252
102255
102273
102284
102285
102286
102287
102302
102303
102322
102323
102325
102329
102330
102331
102352
102353
102354
102355
102373
102374
102382
102383
102384
102385
102386
102387
102391
102399
102402
102418
102430
102431
102432
102433
102434
102435
102436
102437
102438
102455
102456
102457
102459
102460
102461
102462
102463
102464
102465
102466
102474
102475
102476
102477
102485
102502
102503
102504
102505
102506
102507
102510
102514
102515
102516
102517
102520
102523
102528
102529
102530
102531
102532
102533
102534
102556
102557
102558
102559
102560
102561
102562
102564
102566
102567
102568
102569
102588
102591
102592
102593
102594
102595
102596
102597
102598
102599
102600
102624
102625
102627
102633
102634
102635
102639
102640
102641
102642
102643
102644
102645
102646
102654
102657
102658
102659
102660
102662
102663
102664
102665
102666
102667
102668
102669
102677
102678
102679
102680
102681
102682
102683
102694
102700
102701
102703
102704
102705
102706
102707
102708
102709
102710
102711
102712
102713
102737
102738
102739
102740
102741
102745
102746
102755
102756
102757
102758
102759
102760
102761
102762
102765
102766
102767
102768
102797
102813
102814
102815
102816
102817
102818
102819
102820
102825
102826
102833
102834
102841
102850
102851
102862
102888
102890
102901
102902
102903
102904
102905
102906
102907
102908
102909
102910
102911
102912
102928
102929
102930
102932
102939
102945
102946
102947
102960
102962
102964
102966
102967
102969
102978
102980
102992
102994
102995
102996
103001
103014
103015
103016
103017
103018
103019
103022
103024
103025
103026
103044
103045
103046
103047
103050
103051
103070
103072
103076
103079
103080
103081
103082
103083
103084
103086
103087
103097
103098
103100
103101
103103
103104
103105
103112
103113
103114
103119
103124
103125
103137
103138
103139
103140
103141
103146
103147
103148
103160
103161
103171
103179
103181
103182
103183
103184
103185
103186
103187
103188
103189
103190
103191
103210
103211
103212
103230
103231
103233
103234
103247
103250
103257
103258
103259
103260
103266
103268
103269
103270
103271
103272
103273
103286
103287
103288
103289
103290
103291
103292
103293
103294
103295
103296
103297
103306
103307
103308
103309
103315
103316
103317
103334
103335
103336
103337
103338
103348
103369
103370
103371
103372
103373
103374
103375
103376
103377
103378
103380
103384
103385
103386
103387
103388
103393
103394
103400
103401
103407
103409
103410
103411
103412
103413
103415
103416
103417
103433
103434
103435
103436
103448
103449
103450
103451
103452
103453
103454
103455
103456
103462
103466
103471
103472
103474
103475
103476
103477
103478
103479
103504
103505
103518
103520
103521
103525
103527
103528
103529
103531
103532
103533
103546
103560
103561
103581
103593
103597
103599
103602
103603
103604
103605
103606
103607
103608
103647
103648
103649
103650
103651
103655
103656
103657
103658
103659
103660
103661
103670
103671
103672
103673
103674
103675
103676
103682
103683
103684
103685
103687
103700
103701
103702
103703
103704
103705
103706
103731
103732
103752
103753
103754
103755
103756
103757
103758
103759
103760
103762
103763
103764
103765
103766
103767
103768
103769
103771
103772
103773
103774
103780
103790
103796
103797
103798
103799
103800
103801
103802
103803
103815
103823
103824
103825
103826
103827
103828
103831
103839
103840
103841
103842
103843
103844
103845
103846
103847
103850
103852
103853
103854
103855
103858
103861
103878
103898
103899
103900
103904
103905
103906
103907
103908
103909
103910
103933
103934
103935
103937
103938
103939
103943
103944
103952
103974
103975
103976
103977
103979
103980
103981
103982
103983
103999
104000
104001
104002
104003
104007
104008
104012
104013
104021
104022
104043
104044
104045
104046
104054
104055
104056
104057
104058
104059
104060
104061
104062
104063
104064
104065
104066
104067
104092
104094
104103
104104
104107
104108
104115
104130
104133
104140
104141
104142
104143
104144
104145
104154
104155
104161
104162
104163
104164
104177
104211
104214
104215
104216
104230
104231
104235
104236
104237
104238
104239
104240
104248
104252
104253
104254
104255
104262
104263
104264
104265
104276
104286
104287
104288
104289
104290
104291
104292
104293
104294
104295
104296
104299
104300
104321
104329
104335
104338
104339
104340
104341
104342
104343
104344
104346
104363
104364
104365
104366
104367
104368
104369
104370
104384
104386
104392
104407
104427
104428
104434
104435
104436
104437
104443
104444
104445
104447
104448
104451
104459
104460
104484
104491
104500
104501
104504
104505
104506
104507
104508
104509
104510
104527
104528
104531
104533
104534
104535
104536
104541
104543
104544
104545
104546
104559
104564
104565
104566
104567
104568
104569
104570
104579
104602
104603
104604
104605
104606
104607
104608
104613
104626
104627
104639
104640
104641
104642
104643
104645
104647
104649
104655
104656
104658
104659
104677
104678
104679
104686
104687
104688
104692
104693
104694
104695
104696
104698
104699
104700
104701
104725
104727
104728
104735
104753
104757
104761
104762
104763
104764
104765
104766
104767
104768
104769
104770
104777
104778
104779
104792
104799
104819
104822
104823
104824
104825
104839
104843
104844
104845
104846
104847
104848
104849
104855
104867
104879
104896
104898
104899
104903
104904
104905
104906
104909
104913
104915
104916
104917
104931
104932
104933
104934
104979
104981
104982
104983
104984
104986
104987
104988
104989
104991
104995
104996
104998
105004
105005
105006
105007
105008
105009
105017
105022
105023
105030
105032
105055
105056
105083
105093
105109
105133
105155
105170
105176
105177
105178
105179
105180
105182
105183
105184
105185
105186
105199
105216
105236
105270
105271
105275
105277
105291
105293
105302
105303
105304
105305
105310
105311
105312
105313
105314
105315
105316
105317
105322
105323
105338
105339
105341
105342
105360
105377
105378
105384
105389
105391
105392
105393
105394
105396
105402
105403
105406
105408
105414
105415
105416
105424
105425
105426
105428
105429
105430
105444
105455
105481
105482
105487
105488
105489
105509
105510
105511
105512
105513
105517
105522
105523
105524
105525
105547
105548
105560
105562
105563
105564
105567
105571
105572
105584
105595
105614
105615
105616
105634
105635
105636
105637
105638
105639
105640
105641
105642
105643
105657
105658
105659
105660
105661
105662
105663
105664
105665
105695
105696
105706
105709
105713
105715
105737
105743
105744
105747
105748
105749
105750
105751
105752
105757
105765
105766
105779
105803
105804
105805
105806
105807
105808
105834
105842
105843
105844
105845
105846
105849
105873
105874
105875
105891
105892
105893
105894
105895
105917
105919
105921
105922
105923
105924
105925
105928
105932
105933
105934
105946
105947
105948
105949
105950
105951
105952
105953
105954
105955
105958
105961
105963
105964
105965
105995
105997
106004
106010
106011
106012
106013
106024
106025
106026
106027
106028
106045
106055
106091
106092
106097
106098
106111
106120
106121
106148
106183
106231
106232
106233
106234
106241
106294
106295
106296
106297
106307
106311
106312
106314
106329
106346
106362
106364
106365
106367
106400
106405
106412
106413
106435
106437
106460
106468
106475
106485
106486
106509
106513
106514
106516
106560
106561
106562
106563
106572
106573
106574
106608
106619
106648
106649
106650
106651
106654
106655
106656
106658
106659
106660
106661
106662
106674
106675
106723
106724
106726
106727
106735
106761
106762
106767
106780
106854
106855
106857
106858
106861
106864
106872
106874
106884
106889
106917
106935
106936
106945
106955
106964
106965
106972
106983
106984
106987
106988
107051
107078
107079
107085
107105
107113
107114
107326
107331
107337
107338
107355
107381
107395
107402
107425
107429
107430
107431
107437
107456
107472
107485
107490
107499
107547
107557
107565
107597
107638
107657
107702
107718
107725
107726
107728
107754
107784
107854
107894
107905
107906
107908
108000
108012
108024
108031
108032
108034
108038
108137
108180
108221
108232
108249
108251
108356
108359
108370
108437
108537
108623
108676
108707
108861
108864
108874
108923
108967
108992
109431
109454
109483
109552
109575
109601
109687
110445
110569
110614
110634
110783
110885
110941
111175
111215
111326
111346
111394
111395
111687
111704
111836
111839
111840
111842
111857
111860
111861
111863
111864
111865
111866
111867
111868
111869
111881
111891
111893
111900
111901
111902
111903
111904
111916
111933
111940
111941
111943
111951
111952
111953
111967
111969
111970
111971
111972
111985
111986
111987
111991
111992
111995
111996
111997
112003
112027
112047
112048
112111
112324
112327
112331
112332
112333
112334
112335
112387
112400
112401
112402
112435
112448
112450
112451
112456
112457
112459
112460
112468
112473
112474
112476
112477
112480
112483
112488
112508
112512
112513
112514
112515
112516
112517
112518
112522
112546
112547
112548
112556
112565
112592
112593
112594
112600
112614
112615
112616
112621
112623
112624
112625
112626
112627
112628
112629
112645
112647
112648
112649
112656
112658
112659
112660
112661
112662
112663
112672
112674
112675
112695
112696
112697
112698
112719
112720
112721
112722
112723
112724
112728
112730
112735
112736
112737
112738
112739
112760
112762
112774
112775
112785
112786
112800
112804
112808
112811
112815
112825
112826
112827
112836
112837
112838
112839
112840
112841
112842
112847
112849
112850
112851
112852
112860
112861
112862
112874
112875
112876
112877
112878
112879
112880
112881
112882
112885
112898
112899
112909
112910
112911
112921
112929
112930
112933
112934
112939
112942
112944
112945
112946
112947
112948
112964
112968
112969
112970
112971
112972
112973
112982
112983
112985
112992
113009
113012
113013
113014
113015
113016
113017
113025
113026
113037
113047
113048
113049
113050
113051
113052
113053
113054
113055
113057
113058
113062
113083
113084
113089
113090
113091
113092
113093
113094
113095
113096
113101
113102
113103
113104
113105
113106
113107
113122
113123
113126
113127
113128
113148
113150
113154
113160
113164
113165
113166
113167
113168
113182
113183
113184
113185
113186
113189
113223
113237
113238
113239
113244
113247
113248
113254
113256
113257
113258
113259
113260
113261
113262
113263
113264
113265
113266
113271
113275
113277
113278
113279
113280
113281
113282
113283
113284
113285
113305
113312
113313
113314
113315
113320
113332
113336
113337
113338
113351
113352
113354
113355
113356
113357
113358
113360
113371
113372
113373
113374
113377
113393
113402
113411
113416
113418
113438
113447
113449
113450
113459
113463
113472
113481
113482
113485
113492
113494
113495
113500
113501
113516
113529
113560
113563
113564
113565
113566
113570
113584
113591
113606
113617
113618
113645
113656
113669
113684
113708
113713
113715
113720
113757
113788
113820
113831
113876
113890
113891
113905
113906
113919
113942
113944
113984
113985
113993
114103
114113
114131
114229
114244
114324
114331
114344
114345
114353
114355
114356
114368
114372
114373
114375
114376
114380
114383
114399
114401
114406
114407
114408
114411
114424
114425
114426
114427
114430
114437
114445
114446
114454
114460
114461
114476
114485
114486
114566
114576
114577
114579
114581
114590
114591
114592
114593
114594
114595
114598
114599
114600
114615
114619
114621
114622
114624
114626
114627
114628
114630
114632
114633
114640
114650
114651
114652
114653
114654
114655
114656
114657
114676
114678
114698
114701
114709
114710
114721
114733
114734
114736
114737
114739
114750
114768
114769
114776
114777
114778
114848
114849
114965
114974
114976
114977
114981
114983
114984
115000
115003
115032
115033
115034
115046
115048
115051
115052
115053
115058
115063
115064
115065
115069
115072
115074
115075
115079
115080
115089
115090
115091
115095
115096
115103
115104
115107
115108
115109
115110
115111
115115
115130
115131
115142
115143
115145
115152
115154
115155
115156
115157
115158
115167
115168
115169
115172
115173
115174
115179
115182
115192
115195
115197
115204
115247
115272
115273
115290
115302
115333
