20
22
24
25
26
27
58
59
64
65
66
68
69
70
72
73
78
86
87
92
99
101
111
112
132
19125
19178
19196
19197
19198
19200
19202
19219
19225
19241
19244
19245
19246
19256
19257
19258
19259
19261
19262
19270
19271
19273
19274
19279
19280
19281
19283
19286
19287
19291
19292
19293
19294
19295
19307
19317
19331
19332
19338
19339
19340
19341
19342
19343
19345
19347
19352
19357
19358
19364
19365
19368
19369
19370
19375
19376
19377
19378
19379
19380
19381
19382
19383
19390
19397
19400
19434
19444
19445
19447
19448
19449
19450
19451
19452
19454
19455
19456
19457
19503
19506
19507
19531
19537
19571
19573
19574
19594
19601
19602
19606
19619
19620
19647
19656
19663
19672
19673
19674
19678
19691
19693
19694
19695
19696
19697
19749
19759
19770
19787
19790
19794
19796
19797
19798
19815
19829
19830
19831
19832
19839
19848
19852
19858
19859
19860
19861
19862
19868
19873
19874
19875
19878
19879
19884
19889
19893
19922
19926
19927
19930
19939
19940
19942
19943
19954
19977
19989
19992
20024
20025
20027
20031
20036
20037
20046
20050
20067
20076
20090
20091
20092
20094
20096
20098
20099
20108
20110
20115
20119
20120
20121
20127
20132
20133
20141
20144
20169
20176
20177
20188
20205
20209
20266
20280
20301
20306
20308
20328
20329
20330
20331
20332
20338
20339
20340
20341
20342
20343
20344
20346
20347
20348
20349
20350
20351
20352
20353
20362
20363
20364
20385
20387
20393
20394
20395
20396
20397
20398
20402
20404
20405
20406
20412
20414
20425
20426
20427
20428
20433
20434
20435
20439
20445
20471
20479
20480
20485
20487
20488
20497
20503
20507
20524
20528
20562
20566
20585
20591
20615
20616
20631
20641
20671
20688
20697
20707
20712
20714
20752
20766
20770
20771
20773
20786
20787
20788
20789
20790
20796
20797
20798
20801
20803
20807
20808
20810
20813
20814
20816
20817
20818
20819
20820
20825
20826
20829
20831
20832
20845
20925
20930
21028
21037
21038
21042
21051
21054
21063
21065
21066
21067
21071
21072
21073
21084
21087
21088
21090
21091
21092
21093
21094
21095
21096
21097
21100
21110
21111
21112
21116
21117
21118
21123
21136
21137
21138
21140
21141
21147
21148
21149
21150
21156
21157
21158
21159
21160
21161
21169
21180
21199
21203
21221
21222
21223
21225
21226
21230
21231
21237
21247
21254
21255
21297
21299
21319
21320
21328
21329
21330
21346
21373
21427
21429
21454
21460
21461
21463
21464
21465
21466
21467
21469
21470
21471
21472
21483
21489
21490
21498
21499
21502
21503
21506
21507
21516
21535
27005
27013
27015
27018
27023
27032
27040
27042
27049
27053
27055
27065
27066
27067
27068
27070
27088
27089
27090
27111
27113
27126
27180
27190
27195
27203
27216
27217
27218
27226
27238
27245
27247
27248
27256
27257
27268
27269
27271
27272
27276
27277
27279
27291
27304
27305
27311
27312
27313
27316
27317
27318
27321
27325
27329
27339
27349
27358
27381
27384
27391
27394
27399
27400
27401
27403
27412
27418
27449
27450
27453
27459
27460
27461
27463
27468
27474
27475
27484
27485
27489
27492
27494
27518
27555
27559
27566
27567
27571
27572
27574
27605
27606
27607
27608
27609
27610
27612
27613
27614
27615
27616
27627
27628
27634
37867
37893
37896
37903
37910
37919
37920
37922
37923
37924
37927
37931
37934
37936
37947
37949
37969
37974
37976
37979
37982
37992
38005
38007
38015
38023
38025
38050
38062
38066
38074
38076
38077
38080
38083
38091
38095
38097
38117
38119
38159
38160
38163
38164
38168
38171
38194
38232
38233
38234
38235
38236
38237
38248
38256
38280
38281
38282
38288
38289
38290
38313
38334
38338
38342
38352
38354
38355
38364
38367
38377
38378
38380
38381
38385
38387
38389
38390
38415
38422
38428
38430
38437
38438
38439
38445
38446
38447
38449
38483
38484
38485
38486
38487
38488
38499
38545
38549
38552
38559
38619
38620
38621
38629
38638
38643
38649
38667
38672
38691
38697
38709
38710
38713
38719
38720
38722
38724
38725
38731
38736
38746
38759
38760
38761
38762
38770
38775
38778
38780
38801
38829
38831
38834
44791
44824
44826
44833
44834
44869
44872
44873
44902
44903
44906
44907
44908
44917
44918
44919
44920
44921
44925
44927
44948
44949
44950
44976
44977
44979
44983
44984
44987
44988
44989
44990
44991
44992
44993
44994
44995
44996
44997
45011
45015
45016
45017
45018
45019
45020
45023
45025
45027
45050
45055
45056
45057
45058
45059
45071
45072
45073
45074
45075
45076
45081
45083
45085
45086
45087
45088
45089
45090
45091
45092
45093
45095
45096
45097
45103
45104
45105
45106
45107
45108
45109
45110
45111
45116
45117
45118
45124
45128
45130
45131
45133
45137
45138
45141
45145
45146
45147
45148
45153
45155
45161
45172
45173
45175
45176
45187
45189
45190
45191
45221
45223
45238
45244
45248
45250
45251
45270
45281
45282
45284
45285
45287
45288
45300
45311
45312
45313
45340
45341
45342
45349
45350
45352
45353
45361
45362
45369
45374
45375
45376
45378
45380
45382
45391
45457
45458
45502
45530
45533
45534
45542
45543
45547
45587
45595
45608
45636
45661
45780
45804
55144
55145
55149
55150
55151
55152
55154
55155
55156
55157
55158
55168
55169
55170
55171
55172
55173
55174
55175
55183
55184
55185
55186
55187
55188
55197
55198
55199
55205
55206
55207
55208
55209
55210
55211
55213
55216
55217
55219
55220
55221
55222
55223
55224
55225
55227
55232
55233
55234
55247
55248
55249
55250
55251
55258
55259
55260
55261
55262
55263
55264
55282
55283
55284
55285
55286
55287
55288
55289
55290
55301
55306
55307
55308
55309
55310
55313
55316
55318
55319
55320
55321
55322
55323
55324
55330
55331
55332
55333
55334
55335
55336
55338
55339
55341
55343
55344
55345
55346
55349
55350
55352
55353
55354
55357
55358
55359
55360
55361
55362
55363
55364
55366
55367
55368
55378
55379
55380
55399
55401
55411
55412
55425
55426
55427
55428
55435
55440
55441
55443
55445
55446
55453
55487
55490
55494
55499
55500
55537
55549
55550
55551
55552
55553
55571
55579
55580
55582
55584
55585
55586
55587
55588
55597
55601
55603
55607
55609
55610
55619
55631
55638
55639
55646
55647
55652
55665
55670
55680
55681
55686
55687
55688
55689
55691
55692
55700
55704
55743
55758
55762
55763
55765
55766
55768
55791
55821
55822
55838
55839
55840
55843
55862
55863
55905
55920
55921
55933
55979
56005
56007
56015
56016
56041
56042
56058
56113
56114
56116
56121
56145
56171
56198
56273
56286
56295
56323
56326
56352
56411
56428
56568
56603
56638
56732
56796
56809
56812
56843
56844
56849
56851
56853
56855
56860
56863
56864
56865
56866
56869
56870
56891
56894
56898
56909
56911
56917
56921
56931
56932
56934
56942
56944
56945
56956
56982
56984
56987
56989
56990
57000
57012
57026
57033
57068
69903
69912
69914
69917
69925
69927
69928
69931
69950
69955
69963
69972
69974
69977
69979
69980
70003
70006
70009
70010
70015
81055
81056
81063
81070
81071
81072
81073
81077
81086
81087
81088
81089
81090
81091
81092
81093
81094
81095
81096
81098
81101
81102
81110
81111
81114
81120
81125
81128
81130
81148
81163
81181
81182
81215
81216
81220
81248
81249
81271
81275
81277
81279
81287
81294
81298
81299
81322
81342
88713
88715
88716
88719
88720
88722
88723
88811
88813
88818
88825
88846
88848
88852
88869
88870
88871
88872
88873
88884
88886
88896
88897
88898
88905
88906
88907
88908
88909
88910
88944
88946
88947
88948
88949
88950
88951
88952
88953
88954
88956
88957
88966
88968
88990
88991
88992
88993
88994
88995
89021
89022
89023
89033
89034
89035
89036
89041
89049
89050
89056
89057
89060
89067
89068
89077
89106
89108
89109
89110
89117
89124
89127
89128
89129
89172
89174
89176
89203
89204
89205
89236
89242
89253
89254
89255
89256
89257
89259
89260
89265
89282
89291
89293
89326
89328
89337
89371
89385
89398
89406
89408
89409
89443
89444
89445
89446
89447
89448
89461
89465
89481
89482
89485
89488
89490
89491
89499
89500
89501
89511
89512
89513
89536
89551
89555
89556
89576
89577
89602
89621
89623
89625
89629
89630
89631
89632
89653
89656
89657
89664
89665
89694
89711
89735
89742
89747
89753
89778
89781
89783
89787
89809
89811
89864
89869
89872
89873
89878
89879
89880
89884
89890
89894
96291
96298
96299
96310
96311
96316
96320
96346
96348
96355
96358
96359
96360
96366
96368
96369
96420
96422
96425
96427
96433
96437
96442
96449
111836
111839
111840
111842
111857
111860
111861
111863
111864
111865
111866
111867
111868
111869
111881
111891
111893
111900
111901
111902
111903
111904
111916
111933
111940
111941
111943
111951
111952
111953
111967
111969
111970
111971
111972
111985
111986
111987
111991
111992
111995
111996
111997
112003
112027
112047
112048
112111
114324
114331
114344
114345
114353
114355
114356
114368
114372
114373
114375
114376
114380
114383
114399
114401
114406
114407
114408
114411
114424
114425
114426
114427
114430
114437
114445
114446
114454
114460
114461
114476
114485
114486
114566
114576
114577
114579
114581
114590
114591
114592
114593
114594
114595
114598
114599
114600
114615
114619
114621
114622
114624
114626
114627
114628
114630
114632
114633
114640
114650
114651
114652
114653
114654
114655
114656
114657
114676
114678
114698
114701
114709
114710
114721
114733
114734
114736
114737
114739
114750
114768
114769
114776
114777
114778
114848
114849
114965
114974
114976
114977
114981
114983
114984
115000
115003
115032
115033
115034
115046
115048
115051
115052
115053
115058
115063
115064
115065
115069
115072
115074
115075
115079
115080
115089
115090
115091
115095
115096
115103
115104
115107
115108
115109
115110
115111
115115
115130
115131
115142
115143
115145
115152
115154
115155
115156
115157
115158
115167
115168
115169
115172
115173
115174
115179
115182
115192
115195
115197
115204
115247
115272
115273
115290
115302
115333
118152
118155
118156
118158
118166
118167
118168
118169
118170
118171
118172
118177
118188
118192
118202
118203
118204
118219
118333
118382
118392
118397
118406
118407
118410
118411
118412
118416
118418
118419
118430
118447
118449
118452
118466
118469
118471
118473
118474
118475
118476
118477
118480
118486
118487
118488
118489
118490
118491
118493
118494
118499
118500
118503
118504
118505
118508
118509
118513
118529
118530
118531
118532
118533
118536
118537
118538
118539
118541
118678
118686
118700
118702
118705
118745
118746
118749
118774
118775
118776
118787
118789
118790
118798
118799
118800
118801
118806
118807
118808
118827
118839
118846
118847
118853
118854
118855
118856
118858
118869
118870
118872
118873
118874
118880
118881
118882
118886
118887
118888
118889
118890
118891
118892
118893
118894
118895
118896
118897
118898
118899
118900
118901
118902
118911
118912
118913
118914
118915
118916
118918
118920
118923
118924
118925
118926
118929
118936
118943
118949
118950
118951
118955
118961
118962
118977
118978
118980
118986
118988
118990
118992
118997
118998
118999
119000
119001
119002
119003
119004
119006
119007
119008
119010
119011
119012
119018
119019
119021
119023
119024
119025
119026
119027
119035
119036
119054
119070
119071
119074
119099
119101
119103
119104
119110
119131
119132
119144
119240
119272
119295
119375
119416
119417
119425
119428
119429
119433
119434
119435
119436
119437
119442
119447
119449
119467
119468
119474
119475
119479
119484
119485
119489
119491
119494
119495
119525
119530
119536
119540
119613
119615
119620
119628
119630
119631
119632
119634
119649
119670
119673
119675
119676
119677
119679
119680
119686
119688
119691
119693
119701
119716
119717
119718
119724
119736
119737
119746
119747
119751
119762
119768
119771
119774
119781
119782
119783
119784
119787
119788
119789
119790
119796
119799
119813
119814
119815
119816
119817
119818
119819
119820
119821
119826
119829
119837
119839
119840
119841
119842
119847
119848
119849
119854
119860
119862
119863
119871
119894
119897
119900
119901
119902
119911
119922
119925
119928
119931
119959
119971
119973
120021
120046
120091
120096
120139
120143
120146
120149
120152
120153
120154
120157
120164
120171
120186
120190
120205
120207
120215
120216
120217
120218
120220
120223
120241
120243
120244
120245
120247
120249
120254
120256
120258
120344
120347
120353
120354
120356
120375
120379
120384
120396
120423
120424
120425
120426
120427
120428
120429
120432
120447
120449
120452
120453
120454
120462
120469
120470
120488
120489
120498
120499
120500
120503
120504
120506
120508
120509
120513
120526
120530
120531
120532
120533
120534
120535
120536
120537
120538
120539
120542
120548
120549
120552
120555
120561
120562
120568
120570
120576
120577
120578
120579
120581
120582
120587
120588
120589
120605
120617
131185
131187
131191
131195
131211
131220
131221
131230
131235
131240
131247
131248
131249
131250
131259
131260
131269
131270
131273
131274
131275
131276
131294
131333
131337
131342
131343
131344
133320
133324
133362
133365
133366
133379
133380
133381
133382
133383
133384
133385
133390
133391
133392
133393
133394
133395
133402
133403
133404
133405
133406
133420
133421
133434
133436
133437
133450
133452
133453
133454
133455
133456
133475
133476
133477
133479
133481
133487
133488
133489
133490
133491
133492
133493
133496
133497
133510
133511
133528
133531
133533
133534
133535
133540
133544
133545
133546
133547
133557
133560
133561
133563
133564
133565
133566
133567
133568
133569
133570
133571
133572
133573
133576
133587
133589
133591
133592
133593
133595
133596
133597
133598
133599
133601
133602
133603
133605
133606
133607
133608
133609
133616
133617
133620
133624
133625
133628
133629
133630
133631
133632
133633
133644
133645
133646
133647
133648
133649
133650
133651
133655
133656
133657
133661
133662
133663
133676
133677
133678
133686
133692
133693
133694
133695
133696
133697
133698
133704
133714
133715
133716
133717
133719
133723
133724
133725
133730
133731
133735
133737
133742
133743
133746
133748
133750
133752
133761
133762
133763
133769
133770
133771
133774
133830
133839
133840
133846
133856
133890
133895
133899
133915
133917
133921
133922
133938
133940
133941
133954
133955
133958
133959
133967
133968
133969
133970
133971
133972
133973
133993
133995
133998
133999
134019
134022
134024
134025
134029
134056
134070
134081
134082
134084
134101
134123
134156
134165
134170
134196
134197
134240
134241
134276
134280
134281
134282
134295
134308
134345
134360
134562
134575
134576
134579
134615
134645
134657
134676
134686
134793
134795
134811
134818
134830
134834
134840
134841
134842
134848
134859
134861
134862
134868
134870
134871
134879
134881
134882
134886
134915
134927
136880
136882
136883
136884
136885
136901
136904
136905
136906
136930
136934
136936
136939
136940
136971
136972
136979
136980
136997
137010
137011
137013
137014
137047
137048
137049
137050
137051
137052
137053
137054
137067
137068
137073
137088
137089
137090
137091
137092
137093
137094
137097
137098
137099
137101
137104
137105
137106
137107
137119
137129
137131
137134
137139
137140
137141
137147
137149
137150
137151
137180
137181
137182
137183
137184
137189
137211
137213
137214
137216
137217
137223
137224
137225
137226
137227
137230
137231
137232
137233
137234
137235
137238
137251
137253
137254
137255
137256
137257
137258
137259
137265
137266
137267
137268
137269
137270
137275
137289
137291
137307
137311
137319
137324
137325
137326
137327
137328
137329
137330
137335
137337
137345
137354
137357
137358
137360
137361
137365
137367
137368
137370
137378
137403
137404
137409
137410
137411
137417
137450
137475
137488
137500
137515
137516
137530
137548
137571
137596
137606
137639
137642
137644
137655
137782
137786
137856
137859
137860
137874
137875
137876
137879
137889
137890
137891
137892
137893
137894
137895
137896
137897
137898
137899
137900
137901
137902
137903
137906
137907
137908
137909
137910
137918
137920
137924
137927
137928
137929
137933
137934
137935
137936
137937
137938
137944
137945
137953
137958
137959
137968
137975
137981
137993
138019
138022
138037
138053
138076
138087
138088
138099
138105
138106
138107
138111
138112
138113
138114
138117
138118
138120
138136
138142
138156
138157
138158
138166
138181
138182
138183
138199
138204
138213
138215
138218
138230
138241
138248
138253
138272
138300
138305
138318
138431
138436
138466
138477
138481
138487
138489
138501
138505
138506
138526
138532
138534
138540
138542
138551
138552
138573
138574
138577
138595
138599
138605
138606
162592
162594
162601
162616
162626
162627
162629
162631
162632
162634
162637
162650
162653
162655
162680
162683
162686
162701
162709
162780
162786
162790
162791
162809
162817
162826
162838
162860
162880
162881
162884
162885
162888
162889
162896
162898
162909
162910
162913
162914
162916
162922
162923
162924
162925
162931
162932
162933
162934
162935
162936
162937
162938
162939
162940
162945
162946
162947
162948
162950
162953
162954
162970
162988
162998
163006
163012
163013
163014
163015
163017
163018
163028
163029
163041
163042
163052
163058
163059
163060
163072
163075
163084
163085
163088
163090
163093
163098
163099
163100
163101
163105
163106
163107
163108
163145
163146
163147
163148
163167
163204
163270
163285
163293
163344
163389
163390
163405
163406
163407
163419
163433
163434
163440
163441
163445
163446
163447
163453
163458
163461
163462
163484
163487
163503
163507
