115641
115674
115676
115677
115678
115687
115690
115691
115692
115693
115696
115698
115701
115704
115714
115715
115725
115726
115727
115728
115744
115745
115756
115757
115763
115764
115765
115766
115767
115768
115771
115773
115774
115775
115776
115777
115782
115785
115787
115788
115789
115790
115807
115808
115809
115810
115813
115814
115815
115816
115817
115818
115820
115821
115822
115823
115824
115825
115826
115827
115828
115837
115838
115839
115845
115846
115847
115848
115849
115850
115851
115852
115853
115854
115855
115856
115863
115864
115865
115866
115867
115868
115869
115870
115871
115872
115873
115874
115875
115876
115877
115879
115880
115881
115882
115883
115884
115885
115886
115894
115895
115896
115897
115901
115905
115906
115907
115908
115909
115910
115911
115912
115913
115914
115915
115916
115918
115926
115929
115930
115931
115932
115945
115946
115947
115948
115949
115950
115961
115963
115969
115971
115975
115989
115997
115998
115999
116000
116001
116007
116008
116009
116010
116032
116033
116034
116035
116036
116037
116044
116059
116060
116061
116062
116063
116065
116066
116071
116072
116073
116076
116077
116110
116111
116122
116134
116135
116136
116137
116140
116141
116142
116143
116144
116149
116150
116151
116163
116165
116185
116186
116187
116189
116191
116192
116193
116194
116195
116196
116197
116198
116205
116206
116215
116223
116234
116246
116249
116262
116267
116268
116269
116270
116271
116275
116276
116277
116278
116279
116284
116285
116293
116297
116311
116343
116345
116356
116359
116361
116362
116363
116382
116396
116402
116414
116415
116416
116430
116441
116453
116464
116488
116489
116527
116537
116555
116614
116638
116727
116817
116863
116871
116999
117115
117116
117119
117121
117122
117154
117155
117156
117163
117165
117178
117189
117195
117196
117198
117199
117210
117216
117219
117254
117262
117263
117264
117269
117270
117271
117322
117323
117324
117325
117326
117338
117339
117340
117341
117342
117347
117357
117358
117360
117361
117362
117363
117368
117369
117370
117371
117390
117391
117392
117393
117395
117404
117405
117407
117410
117419
117422
117426
117435
117442
117443
117444
117445
117447
117465
117473
117474
117475
117477
117481
117497
117499
117500
117501
117502
117510
117511
117516
117517
117524
117525
117526
117527
117532
117533
117534
117535
117536
117537
117539
117540
117541
117542
117546
117547
117552
117554
117555
117556
117557
117566
117567
117568
117569
117570
117571
117572
117573
117576
117577
117579
117581
117584
117589
117594
117601
117617
117618
117628
117629
117630
117638
117639
117641
117642
117650
117666
117667
117668
117669
117679
117680
117681
117682
117683
117699
117700
117702
117703
117722
117734
117735
117751
117752
117763
117774
117775
117776
117796
117817
117825
117829
117834
117879
117901
117913
117984
118034
118079
118152
118155
118156
118158
118166
118167
118168
118169
118170
118171
118172
118177
118188
118192
118202
118203
118204
118219
118333
118382
118392
118397
118406
118407
118410
118411
118412
118416
118418
118419
118430
118447
118449
118452
118466
118469
118471
118473
118474
118475
118476
118477
118480
118486
118487
118488
118489
118490
118491
118493
118494
118499
118500
118503
118504
118505
118508
118509
118513
118529
118530
118531
118532
118533
118536
118537
118538
118539
118541
118678
118686
118700
118702
118705
118745
118746
118749
118774
118775
118776
118787
118789
118790
118798
118799
118800
118801
118806
118807
118808
118827
118839
118846
118847
118853
118854
118855
118856
118858
118869
118870
118872
118873
118874
118880
118881
118882
118886
118887
118888
118889
118890
118891
118892
118893
118894
118895
118896
118897
118898
118899
118900
118901
118902
118911
118912
118913
118914
118915
118916
118918
118920
118923
118924
118925
118926
118929
118936
118943
118949
118950
118951
118955
118961
118962
118977
118978
118980
118986
118988
118990
118992
118997
118998
118999
119000
119001
119002
119003
119004
119006
119007
119008
119010
119011
119012
119018
119019
119021
119023
119024
119025
119026
119027
119035
119036
119054
119070
119071
119074
119099
119101
119103
119104
119110
119131
119132
119144
119240
119272
119295
119375
119416
119417
119425
119428
119429
119433
119434
119435
119436
119437
119442
119447
119449
119467
119468
119474
119475
119479
119484
119485
119489
119491
119494
119495
119525
119530
119536
119540
119613
119615
119620
119628
119630
119631
119632
119634
119649
119670
119673
119675
119676
119677
119679
119680
119686
119688
119691
119693
119701
119716
119717
119718
119724
119736
119737
119746
119747
119751
119762
119768
119771
119774
119781
119782
119783
119784
119787
119788
119789
119790
119796
119799
119813
119814
119815
119816
119817
119818
119819
119820
119821
119826
119829
119837
119839
119840
119841
119842
119847
119848
119849
119854
119860
119862
119863
119871
119894
119897
119900
119901
119902
119911
119922
119925
119928
119931
119959
119971
119973
120021
120046
120091
120096
120139
120143
120146
120149
120152
120153
120154
120157
120164
120171
120186
120190
120205
120207
120215
120216
120217
120218
120220
120223
120241
120243
120244
120245
120247
120249
120254
120256
120258
120344
120347
120353
120354
120356
120375
120379
120384
120396
120423
120424
120425
120426
120427
120428
120429
120432
120447
120449
120452
120453
120454
120462
120469
120470
120488
120489
120498
120499
120500
120503
120504
120506
120508
120509
120513
120526
120530
120531
120532
120533
120534
120535
120536
120537
120538
120539
120542
120548
120549
120552
120555
120561
120562
120568
120570
120576
120577
120578
120579
120581
120582
120587
120588
120589
120605
120617
121979
121980
121996
121999
122000
122001
122014
122015
122016
122017
122018
122019
122020
122022
122030
122031
122032
122033
122054
122055
122056
122057
122081
122082
122083
122084
122085
122097
122106
122108
122137
122138
122141
122142
122143
122144
122146
122147
122148
122149
122161
122162
122163
122164
122165
122166
122167
122168
122197
122215
122216
122223
122224
122225
122226
122240
122241
122278
122279
122309
122310
122311
122312
122313
122314
122315
122319
122320
122321
122322
122323
122324
122373
122374
122375
122376
122377
122378
122379
122413
122414
122415
122416
122417
122425
122426
122427
122428
122444
122445
122446
122447
122448
122449
122455
122456
122457
122458
122459
122461
122474
122475
122476
122477
122478
122479
122480
122481
122482
122483
122484
122485
122486
122487
122488
122489
122497
122498
122499
122506
122509
122513
122514
122515
122516
122517
122518
122519
122520
122521
122531
122533
122536
122537
122538
122539
122540
122541
122572
122573
122574
122575
122576
122597
122613
122614
122615
122660
122661
122662
122668
122669
122670
122671
122672
122673
122686
122687
122688
122689
122690
122697
122703
122704
122705
122706
122707
122708
122724
122731
122732
122733
122755
122756
122757
122806
122807
122816
122817
122818
122819
122835
122836
122837
122840
122841
122842
122843
122844
122845
122850
122884
122885
122886
122887
122890
122892
122893
122904
122905
122906
122907
122908
122911
122912
122913
122914
122915
122916
122919
122920
122921
122938
122939
122948
122949
122950
122951
122958
122959
122960
122963
122964
122965
122966
122988
122994
123009
123025
123026
123027
123028
123029
123030
123035
123039
123040
123041
123042
123043
123057
123058
123059
123060
123061
123062
123063
123064
123067
123088
123089
123090
123091
123092
123093
123094
123103
123104
123105
123106
123107
123108
123109
123111
123112
123113
123114
123132
123143
123145
123146
123150
123151
123156
123157
123158
123159
123163
123169
123171
123173
123186
123187
123188
123198
123200
123201
123202
123207
123208
123209
123211
123212
123214
123219
123249
123250
123251
123252
123253
123296
123297
123298
123305
123314
123315
123316
123317
123318
123319
123325
123326
123327
123354
123355
123356
123357
123358
123359
123360
123375
123376
123377
123394
123395
123397
123406
123407
123415
123425
123426
123436
123442
123448
123449
123450
123451
123457
123467
123468
123477
123478
123479
123480
123481
123484
123485
123486
123487
123488
123490
123491
123496
123497
123498
123499
123500
123501
123502
123503
123509
123517
123531
123532
123533
123534
123535
123536
123537
123541
123546
123547
123552
123553
123557
123558
123562
123563
123568
123573
123580
123581
123582
123583
123584
123585
123586
123587
123588
123601
123602
123606
123607
123608
123609
123610
123626
123627
123628
123629
123630
123631
123632
123633
123635
123636
123637
123638
123639
123655
123657
123658
123659
123660
123661
123662
123663
123679
123685
123686
123705
123706
123715
123716
123718
123720
123721
123723
123724
123725
123726
123727
123731
123741
123745
123776
123777
123778
123779
123780
123786
123791
123792
123793
123814
123829
123830
123862
123863
123864
123865
123866
123872
123873
123874
123876
123877
123878
123879
123938
123939
123944
123946
123947
123948
123949
123950
123951
123959
123960
123963
123964
123965
123971
123972
123973
123974
123975
123976
123977
123983
123985
123988
123989
123990
123993
123994
123995
123996
124004
124005
124006
124007
124008
124009
124010
124034
124035
124036
124053
124054
124061
124062
124065
124088
124091
124103
124106
124107
124125
124131
124132
124133
124134
124135
124136
124140
124149
124150
124151
124152
124163
124167
124168
124169
124170
124179
124182
124183
124184
124185
124186
124187
124188
124189
124205
124206
124207
124208
124209
124210
124216
124217
124224
124225
124226
124227
124229
124234
124241
124242
124243
124244
124246
124247
124248
124249
124250
124251
124252
124253
124254
124266
124272
124273
124274
124308
124309
124318
124320
124321
124322
124353
124354
124355
124359
124360
124391
124396
124397
124398
124399
124400
124401
124410
124411
124412
124413
124414
124415
124421
124422
124429
124446
124447
124448
124449
124450
124451
124452
124453
124464
124465
124466
124467
124469
124470
124471
124472
124474
124475
124476
124477
124517
124519
124520
124523
124530
124531
124532
124554
124566
124567
124568
124569
124570
124571
124572
124573
124574
124575
124588
124589
124590
124608
124615
124616
124617
124618
124619
124620
124622
124623
124624
124637
124638
124639
124640
124642
124643
124644
124645
124649
124650
124651
124652
124653
124654
124656
124657
124658
124682
124683
124685
124686
124692
124694
124695
124696
124697
124705
124706
124707
124708
124716
124718
124719
124720
124721
124722
124723
124724
124725
124726
124728
124729
124730
124731
124732
124733
124735
124736
124737
124738
124739
124746
124747
124756
124800
124801
124802
124805
124808
124809
124810
124845
124846
124847
124863
124864
124871
124872
124873
124888
124890
124891
124892
124893
124894
124895
124896
124897
124898
124899
124900
124901
124902
124903
124904
124905
124906
124907
124908
124909
124910
124927
124928
124929
124930
124931
124932
124933
124939
124940
124941
124942
124943
124944
124945
124946
124947
124948
124949
124950
124963
124964
124965
124966
124998
124999
125000
125011
125013
125014
125015
125016
125017
125032
125033
125034
125038
125040
125041
125042
125043
125044
125045
125046
125047
125049
125056
125059
125060
125061
125067
125078
125079
125080
125081
125097
125098
125099
125109
125120
125121
125122
125123
125128
125140
125141
125142
125143
125144
125145
125146
125162
125163
125164
125179
125184
125187
125189
125203
125217
125219
125220
125221
125222
125223
125226
125227
125240
125248
125249
125251
125252
125269
125274
125275
125276
125277
125279
125280
125296
125302
125303
125304
125322
125325
125327
125328
125330
125333
125334
125335
125336
125337
125338
125339
125340
125341
125342
125345
125347
125350
125362
125370
125371
125372
125384
125385
125386
125387
125388
125389
125390
125407
125413
125414
125415
125416
125443
125444
125445
125448
125450
125451
125452
125453
125454
125456
125457
125484
125486
125501
125502
125503
125512
125513
125514
125532
125533
125535
125536
125537
125538
125539
125540
125541
125550
125551
125553
125554
125555
125561
125562
125563
125564
125569
125570
125582
125583
125584
125585
125588
125594
125595
125596
125597
125598
125599
125600
125601
125609
125610
125611
125612
125613
125616
125617
125619
125627
125629
125630
125633
125635
125636
125637
125638
125639
125640
125641
125642
125643
125644
125648
125649
125650
125651
125652
125653
125654
125655
125661
125662
125664
125669
125670
125671
125672
125685
125693
125706
125707
125708
125709
125710
125711
125712
125713
125714
125715
125716
125717
125718
125723
125724
125725
125729
125730
125731
125744
125745
125746
125747
125748
125755
125765
125766
125767
125768
125785
125786
125812
125840
125841
125842
125843
125850
125851
125857
125858
125859
125864
125865
125866
125870
125871
125873
125874
125883
125897
125898
125899
125900
125904
125905
125906
125907
125908
125909
125930
125931
125932
125933
125935
125940
125941
125942
125947
125948
125950
125951
125952
125954
125955
125956
125957
125958
125959
125960
125961
125962
125975
125985
125986
125996
125997
125999
126000
126001
126002
126003
126004
126034
126035
126040
126042
126043
126044
126045
126046
126047
126067
126068
126069
126070
126083
126084
126085
126086
126087
126088
126089
126090
126091
126092
126116
126119
126120
126121
126131
126147
126170
126186
126187
126188
126189
126190
126191
126220
126221
126227
126228
126236
126242
126243
126244
126245
126246
126247
126248
126249
126250
126251
126252
126253
126254
126255
126260
126261
126282
126283
126308
126309
126335
126338
126339
126340
126345
126355
126356
126357
126358
126359
126360
126376
126396
126397
126398
126399
126402
126403
126404
126405
126407
126408
126409
126411
126412
126416
126417
126418
126419
126420
126423
126424
126425
126426
126427
126428
126443
126444
126455
126456
126457
126458
126459
126460
126461
126462
126466
126485
126492
126495
126499
126528
126529
126547
126553
126554
126555
126556
126566
126613
126626
126627
126631
126633
126634
126645
126661
126668
126671
126674
126678
126679
126685
126686
126687
126688
126691
126692
126693
126694
126695
126696
126697
126725
126726
126728
126729
126730
126731
126732
126735
126736
126737
126739
126740
126741
126744
126745
126747
126748
126749
126753
126760
126761
126762
126763
126764
126765
126772
126773
126774
126775
126776
126777
126778
126779
126794
126795
126799
126849
126868
126876
126877
126878
126879
126897
126900
126901
126952
126954
126969
126970
126972
126973
126974
126975
126979
126980
126981
126982
126983
126984
126985
126998
127006
127007
127008
127009
127010
127012
127034
127038
127039
127048
127058
127059
127060
127062
127063
127066
127073
127074
127075
127089
127090
127091
127092
127093
127094
127095
127096
127097
127106
127126
127153
127183
127194
127198
127199
127200
127223
127243
127248
127274
127275
127309
127315
127316
127317
127318
127319
127320
127321
127324
127327
127339
127340
127341
127342
127343
127344
127358
127359
127360
127361
127394
127395
127404
127405
127406
127412
127413
127429
127430
127433
127434
127440
127449
127455
127458
127478
127479
127485
127486
127487
127490
127491
127492
127494
127495
127496
127512
127514
127546
127565
127566
127567
127577
127579
127581
127630
127631
127632
127633
127634
127636
127642
127680
127681
127682
127687
127688
127690
127693
127694
127728
127729
127735
127745
127746
127747
127762
127816
127844
127845
127852
127853
127854
127868
127869
127870
127871
127872
127882
127890
127896
127897
127903
127904
127909
127911
127915
127916
127917
127919
127920
127921
127922
127925
127940
127945
127949
127950
127951
127982
127983
127984
127985
127986
128029
128030
128031
128037
128038
128041
128042
128043
128064
128067
128068
128092
128104
128115
128140
128154
128159
128247
128291
128388
128389
128411
128434
128471
128498
128502
128503
128515
128516
128518
128565
128584
128586
128617
128632
128648
128658
128659
128703
128739
128740
128804
128844
128871
128893
128927
128928
128999
129020
129079
129136
129169
129181
129208
129228
129236
129237
129243
129265
129303
129344
129365
129375
129505
129506
129507
129526
129536
129623
129703
129734
129953
129985
130009
130250
130516
130638
130722
130796
130912
131095
131185
131187
131191
131195
131211
131220
131221
131230
131235
131240
131247
131248
131249
131250
131259
131260
131269
131270
131273
131274
131275
131276
131294
