2548
2550
2551
2584
2592
2738
2739
2939
2963
2964
3126
3127
3139
3141
3229
3234
3236
3237
3268
3270
3271
3272
3273
3305
3307
3308
3309
3364
3365
3366
3388
3389
3396
3409
3413
3510
3512
3513
3515
3623
3625
3628
3630
3661
3662
3668
3691
3695
3696
3697
3733
3755
3756
3764
3765
3766
3835
3836
3837
3839
3840
3842
3882
3883
3884
3885
3886
3887
3888
3928
3929
3930
3944
3945
3946
3947
3959
3966
3967
3968
3993
4026
4027
4028
4029
4043
4085
4095
4142
4152
4153
4154
4155
4156
4157
4158
4159
4165
4167
4168
4169
4171
4199
4200
4202
4219
4221
4222
4224
4252
4253
4254
4255
4258
4271
4284
4285
4286
4287
4292
4314
4315
4346
4347
4348
4349
4350
4351
4352
4363
4364
4377
4378
4379
4380
4381
4382
4396
4397
4398
4399
4400
4401
4402
4405
4406
4407
4408
4454
4455
4456
4460
4482
4483
4484
4494
4495
4496
4497
4498
4499
4500
4501
4509
4525
4526
4527
4528
4529
4530
4531
4532
4541
4543
4544
4545
4551
4588
4589
4590
4591
4608
4609
4610
4611
4612
4613
4614
4618
4619
4620
4637
4638
4661
4688
4689
4690
4691
4762
4763
4764
4765
4766
4768
4769
4770
4771
4772
4773
4774
4775
4792
4793
4794
4818
4819
4820
4821
4832
4833
4834
4835
4836
4837
4838
4849
4850
4856
4857
4870
4871
4872
4873
4882
4888
4891
4894
4895
4907
4908
4924
4925
4926
4927
4928
4930
4931
4932
4933
4934
4935
4936
4937
4938
4941
4943
4959
4960
4974
4981
4982
4983
4984
4985
4986
4987
4988
4989
4992
4993
4995
4996
5015
5016
5017
5018
5019
5029
5030
5031
5032
5036
5039
5040
5041
5042
5060
5061
5062
5065
5066
5067
5068
5079
5080
5081
5082
5083
5084
5085
5086
5087
5088
5089
5090
5091
5092
5093
5098
5099
5100
5101
5102
5141
5142
5143
5149
5150
5174
5175
5176
5206
5237
5238
5239
5240
5241
5242
5243
5244
5245
5246
5263
5264
5265
5266
5292
5293
5294
5295
5296
5306
5307
5309
5318
5338
5339
5340
5341
5342
5343
5344
5364
5365
5367
5368
5369
5370
5371
5372
5373
5374
5375
5376
5377
5442
5443
5444
5445
5446
5450
5451
5452
5453
5454
5469
5471
5472
5473
5480
5489
5490
5491
5492
5493
5494
5495
5496
5499
5500
5503
5504
5508
5509
5519
5520
5521
5522
5523
5532
5533
5534
5535
5536
5537
5541
5542
5545
5546
5547
5555
5556
5557
5558
5559
5570
5571
5572
5573
5576
5578
5579
5580
5586
5587
5588
5589
5590
5591
5592
5593
5594
5595
5596
5597
5598
5599
5600
5602
5603
5604
5605
5611
5612
5613
5614
5615
5636
5637
5638
5639
5640
5658
5659
5660
5661
5664
5699
5700
5701
5702
5705
5706
5709
5710
5711
5712
5713
5719
5721
5724
5725
5746
5747
5749
5756
5757
5758
5759
5760
5761
5762
5778
5787
5796
5797
5798
5799
5800
5818
5819
5820
5821
5822
5823
5824
5825
5826
5849
5850
5851
5852
5854
5862
5863
5864
5865
5866
5867
5868
5880
5881
5882
5883
5884
5885
5886
5889
5890
5907
5909
5918
5919
5923
5924
5925
5926
5938
5939
5940
5942
5945
5947
5954
5973
5974
5980
5982
5984
5986
5987
6005
6006
6007
6008
6032
6033
6034
6035
6036
6037
6038
6039
6040
6041
6042
6043
6044
6045
6046
6047
6048
6049
6070
6071
6072
6073
6074
6075
6076
6093
6094
6096
6097
6122
6143
6144
6145
6146
6147
6152
6153
6164
6165
6166
6167
6168
6186
6187
6188
6189
6190
6191
6192
6193
6194
6195
6196
6197
6198
6199
6202
6203
6204
6205
6206
6210
6229
6230
6231
6232
6233
6234
6237
6238
6239
6243
6245
6262
6266
6269
6271
6272
6273
6287
6288
6322
6323
6325
6326
6327
6328
6329
6330
6332
6349
6350
6351
6352
6353
6354
6355
6356
6357
6362
6379
6380
6381
6382
6383
6384
6385
6386
6387
6400
6401
6402
6403
6404
6405
6406
6418
6419
6420
6421
6422
6427
6428
6429
6430
6432
6433
6434
6451
6452
6453
6454
6455
6456
6457
6458
6459
6460
6461
6468
6469
6470
6471
6472
6473
6480
6485
6494
6495
6541
6542
6543
6552
6553
6555
6556
6571
6572
6573
6574
6575
6576
6577
6586
6587
6588
6590
6591
6592
6594
6595
6596
6597
6598
6599
6606
6607
6608
6609
6610
6612
6616
6617
6618
6619
6620
6622
6623
6624
6625
6626
6628
6629
6630
6640
6641
6642
6643
6644
6645
6650
6651
6652
6690
6700
6714
6715
6716
6717
6723
6743
6744
6745
6758
6759
6760
6761
6763
6772
6773
6774
6775
6776
6782
6783
6788
6789
6790
6795
6806
6807
6808
6809
6810
6811
6812
6813
6822
6823
6828
6845
6846
6847
6848
6855
6856
6857
6858
6862
6864
6865
6866
6869
6870
6871
6872
6897
6898
6899
6900
6901
6920
6948
6949
6959
6960
6965
6966
6969
6970
6986
6987
6988
6989
6993
6994
6995
6996
6999
7000
7003
7004
7005
7006
7007
7008
7015
7023
7046
7070
7071
7072
7073
7074
7077
7078
7079
7080
7081
7082
7087
7089
7092
7134
7135
7140
7147
7148
7149
7150
7151
7152
7153
7161
7174
7175
7180
7181
7182
7183
7184
7185
7186
7187
7188
7189
7190
7193
7197
7198
7199
7200
7214
7215
7216
7217
7222
7223
7224
7225
7226
7234
7235
7236
7237
7257
7270
7271
7272
7273
7274
7275
7276
7279
7282
7283
7284
7286
7291
7292
7293
7294
7297
7298
7299
7300
7301
7302
7305
7314
7315
7317
7318
7319
7320
7321
7336
7337
7338
7343
7344
7345
7347
7348
7349
7350
7351
7352
7353
7354
7360
7361
7362
7363
7364
7365
7379
7380
7381
7386
7394
7395
7396
7400
7401
7403
7404
7406
7407
7408
7409
7428
7429
7430
7431
7432
7435
7436
7444
7445
7446
7447
7448
7449
7450
7458
7471
7472
7473
7474
7481
7488
7489
7490
7491
7492
7493
7499
7500
7501
7502
7503
7504
7505
7506
7507
7508
7529
7530
7532
7533
7549
7550
7556
7568
7579
7580
7581
7582
7583
7584
7585
7586
7587
7588
7589
7590
7591
7604
7605
7606
7608
7609
7610
7611
7612
7613
7614
7615
7616
7617
7618
7631
7632
7633
7634
7635
7636
7637
7646
7647
7648
7651
7663
7664
7665
7666
7667
7668
7669
7685
7701
7702
7714
7715
7716
7717
7718
7728
7731
7734
7735
7738
7739
7740
7741
7742
7743
7748
7749
7750
7751
7755
7756
7762
7763
7764
7769
7770
7771
7773
7774
7775
7776
7777
7779
7780
7781
7783
7784
7785
7789
7790
7791
7792
7793
7794
7795
7796
7805
7806
7822
7830
7831
7842
7843
7844
7849
7861
7869
7876
7879
7880
7881
7882
7883
7884
7885
7886
7922
7923
7924
7929
7930
7931
7932
7933
7934
7935
7937
7948
7949
7950
7951
7952
7953
7954
7955
7956
7957
7968
7969
7970
7971
7972
7973
7986
7987
7988
7989
7991
8004
8005
8006
8007
8008
8009
8013
8014
8015
8017
8043
8044
8045
8046
8047
8067
8068
8069
8070
8071
8072
8073
8074
8075
8077
8080
8081
8082
8083
8084
8085
8092
8093
8094
8101
8102
8103
8105
8106
8107
8108
8109
8111
8116
8123
8124
8125
8126
8127
8128
8129
8133
8135
8159
8160
8163
8169
8170
8171
8172
8186
8187
8188
8189
8206
8207
8208
8209
8217
8231
8232
8233
8234
8236
8237
8238
8239
8240
8241
8242
8243
8244
8245
8246
8254
8255
8256
8257
8258
8259
8260
8263
8264
8268
8269
8270
8271
8272
8273
8274
8275
8276
8283
8284
8285
8288
8289
8290
8291
8292
8293
8307
8308
8309
8310
8311
8312
8313
8322
8324
8335
8336
8337
8338
8339
8340
8341
8342
8354
8355
8356
8357
8358
8364
8365
8366
8367
8368
8372
8373
8374
8375
8402
8411
8412
8413
8414
8415
8416
8417
8418
8419
8420
8421
8422
8423
8424
8425
8439
8440
8447
8448
8449
8451
8452
8454
8460
8461
8462
8463
8464
8465
8466
8467
8468
8469
8470
8473
8474
8475
8476
8477
8478
8479
8480
8481
8482
8483
8484
8485
8486
8487
8488
8489
8490
8498
8499
8500
8505
8515
8526
8532
8533
8534
8535
8536
8542
8543
8544
8548
8549
8551
8553
8554
8555
8556
8557
8558
8559
8560
8561
8562
8563
8574
8575
8576
8577
8598
8599
8600
8609
8610
8611
8612
8618
8625
8626
8627
8628
8656
8658
8659
8660
8661
8662
8663
8664
8670
8674
8675
8676
8677
8678
8679
8680
8690
8691
8692
8693
8696
8697
8712
8713
8714
8715
8716
8717
8718
8721
8722
8723
8724
8725
8726
8736
8743
8749
8750
8766
8767
8768
8769
8772
8776
8777
8778
8786
8798
8810
8811
8812
8817
8818
8820
8821
8822
8823
8824
8825
8826
8827
8828
8841
8842
8843
8844
8848
8849
8852
8854
8859
8860
8861
8865
8867
8870
8871
8872
8873
8874
8875
8876
8877
8878
8886
8909
8926
8927
8928
8929
8941
8942
8943
8944
8945
8946
8947
8948
8949
8950
8951
8952
8955
8956
8975
8976
8977
8978
8979
8989
9008
9010
9017
9018
9019
9020
9024
9025
9026
9027
9031
9033
9034
9035
9036
9040
9041
9042
9043
9045
9047
9064
9065
9066
9067
9073
9074
9075
9077
9078
9085
9087
9088
9097
9098
9099
9100
9101
9102
9103
9104
9105
9106
9108
9109
9112
9113
9114
9116
9118
9119
9120
9121
9126
9127
9128
9129
9130
9139
9140
9141
9142
9143
9144
9145
9146
9147
9153
9154
9155
9156
9169
9170
9171
9181
9182
9183
9184
9185
9202
9203
9207
9208
9209
9211
9212
9213
9214
9215
9216
9217
9218
9223
9224
9225
9226
9227
9228
9229
9230
9231
9244
9245
9265
9266
9267
9273
9274
9280
9293
9305
9306
9307
9334
9335
9336
9337
9338
9339
9340
9344
9345
9346
9347
9348
9349
9350
9365
9366
9367
9368
9369
9371
9374
9376
9390
9391
9392
9393
9394
9395
9396
9397
9406
9407
9408
9409
9422
9424
9425
9426
9427
9430
9431
9440
9441
9442
9443
9444
9445
9446
9447
9448
9449
9450
9451
9452
9453
9464
9465
9466
9467
9468
9469
9476
9477
9478
9479
9480
9481
9482
9483
9492
9493
9495
9497
9508
9509
9510
9511
9512
9513
9514
9515
9517
9523
9533
9534
9543
9552
9555
9559
9570
9571
9572
9573
9574
9575
9576
9577
9579
9580
9581
9582
9583
9584
9585
9586
9602
9603
9612
9614
9616
9617
9618
9627
9634
9641
9642
9643
9644
9645
9646
9648
9653
9675
9676
9677
9678
9679
9701
9703
9705
9706
9707
9708
9709
9710
9711
9712
9713
9714
9716
9717
9718
9719
9720
9723
9724
9733
9734
9735
9736
9743
9744
9745
9746
9747
9748
9749
9752
9753
9754
9755
9756
9757
9759
9761
9762
9763
9764
9766
9767
9769
9770
9771
9772
9773
9774
9775
9796
9798
9800
9804
9805
9810
9811
9812
9813
9841
9842
9863
9864
9865
9866
9867
9868
9870
9871
9877
9878
9879
9899
9900
9901
9902
9903
9905
9906
9907
9919
9920
9932
9933
9934
9935
9936
9939
9940
9941
9942
9951
9952
9953
9969
9970
9981
9996
9998
10002
10008
10009
10010
10011
10012
10013
10020
10021
10023
10024
10025
10026
10027
10028
10029
10030
10031
10032
10033
10034
10038
10039
10040
10045
10046
10047
10054
10061
10062
10065
10066
10070
10071
10072
10073
10074
10075
10076
10077
10078
10086
10087
10088
10089
10090
10092
10093
10095
10096
10098
10099
10108
10110
10111
10112
10114
10119
10137
10138
10139
10140
10141
10145
10146
10158
10159
10171
10172
10173
10174
10175
10176
10178
10183
10184
10193
10200
10209
10220
10221
10222
10228
10231
10253
10255
10256
10257
10258
10259
10260
10265
10266
10268
10269
10277
10279
10280
10281
10282
10283
10284
10285
10289
10290
10291
10292
10293
10296
10297
10298
10308
10315
10316
10337
10338
10339
10340
10341
10342
10343
10345
10346
10349
10365
10367
10371
10377
10378
10380
10381
10382
10383
10384
10385
10386
10387
10392
10393
10394
10421
10456
10457
10459
10460
10470
10471
10481
10491
10492
10493
10494
10495
10503
10504
10529
10545
10546
10551
10570
10571
10588
10590
10622
10638
10642
10643
10644
10645
10652
10653
10654
10657
10658
10663
10664
10665
10666
10668
10669
10670
10671
10672
10673
10674
10676
10686
10687
10688
10701
10707
10711
10719
10720
10721
10722
10725
10726
10727
10728
10729
10730
10731
10733
10734
10748
10749
10750
10751
10752
10753
10755
10763
10767
10769
10770
10772
10779
10780
10781
10782
10783
10784
10785
10794
10795
10796
10798
10806
10807
10808
10809
10810
10811
10820
10821
10822
10823
10825
10826
10828
10839
10840
10867
10868
10870
10881
10882
10883
10884
10885
10888
10913
10918
10919
10920
10933
10934
10941
10948
10958
10960
10969
10970
10993
10996
10999
11000
11001
11002
11018
11019
11020
11021
11025
11026
11027
11037
11052
11053
11061
11062
11071
11072
11073
11081
11085
11091
11093
11094
11096
11100
11101
11106
11107
11108
11109
11110
11111
11127
11128
11133
11134
11135
11136
11137
11138
11144
11153
11154
11159
11160
11161
11162
11173
11176
11189
11190
11197
11212
11213
11214
11215
11235
11236
11238
11239
11240
11244
11255
11256
11257
11261
11267
11268
11269
11274
11280
11282
11283
11284
11285
11286
11287
11294
11295
11296
11297
11298
11306
11314
11315
11316
11317
11320
11321
11328
11329
11331
11335
11349
11350
11354
11357
11367
11391
11399
11407
11408
11409
11410
11411
11412
11413
11417
11418
11419
11420
11428
11434
11435
11448
11466
11467
11484
11485
11494
11495
11499
11534
11541
11542
11543
11544
11545
11547
11562
11563
11565
11584
11596
11601
11624
11642
11647
11666
11697
11698
11708
11716
11717
11743
11745
11748
11749
11766
11767
11776
11777
11780
11785
11799
11802
11816
11817
11818
11824
11825
11826
11827
11846
11848
11866
11867
11868
11869
11870
11871
11876
11878
11879
11880
11881
11882
11886
11887
11888
11896
11897
11898
11918
11919
11924
11925
11927
11943
11944
11945
11978
11979
11980
12018
12019
12025
12026
12027
12037
12038
12043
12052
12053
12054
12055
12056
12057
12067
12084
12085
12086
12102
12103
12131
12132
12133
12135
12136
12144
12148
12154
12166
12168
12169
12170
12171
12177
12198
12199
12200
12201
12218
12234
12235
12238
12251
12252
12308
12316
12319
12320
12334
12345
12365
12387
12390
12391
12392
12421
12422
12423
12439
12440
12441
12442
12443
12455
12456
12457
12458
12459
12460
12461
12462
12463
12492
12493
12494
12500
12522
12527
12573
12595
12601
12602
12611
12623
12667
12668
12669
12670
12671
12697
12709
12710
12711
12714
12715
12716
12746
12749
12750
12752
12780
12781
12793
12797
12811
12828
12829
12830
12835
12873
12874
12875
12882
12883
12884
12885
12909
12926
12933
12956
12992
12993
12995
12996
12997
13013
13023
13024
13030
13068
13069
13070
13074
13075
13076
13077
13078
13079
13100
13101
13136
13137
13138
13139
13140
13141
13150
13156
13195
13243
13252
13270
13271
13273
13275
13276
13277
13289
13327
13339
13343
13344
13347
13348
13349
13361
13368
13377
13385
13395
13404
13433
13448
13449
13450
13453
13454
13455
13466
13468
13501
13572
13577
13579
13580
13587
13588
13589
13610
13611
13615
13635
13636
13641
13645
13658
13666
13679
13680
13703
13704
13713
13725
13730
13732
13743
13744
13745
13755
13760
13769
13790
13816
13817
13818
13821
13853
13863
13871
13872
13892
13893
13907
13935
13969
13977
13978
13979
13982
13994
14020
14039
14043
14057
14068
14118
14119
14148
14149
14179
14180
14182
14183
14184
14185
14196
14200
14224
14225
14226
14227
14239
14244
14265
14266
14402
14403
14459
14499
14500
14501
14519
14523
14532
14534
14555
14574
14575
14576
14588
14606
14616
14632
14633
14655
14656
14657
14658
14727
14728
14729
14815
14837
14912
14997
15057
15058
15069
15077
15194
15218
15221
15248
15289
15469
15545
15546
15552
15576
15631
15635
15643
15662
15673
15851
15903
16025
16045
16077
16084
16213
16316
16354
16365
16399
16400
16468
16668
16669
16719
16805
16889
16906
16912
16913
16946
16988
16989
17010
17070
17282
17308
17332
17418
17528
17639
17821
17945
18096
18135
18140
18184
18347
18412
18416
18428
18474
18534
18628
18629
18791
18793
18964
18973
18987
19049
19125
19178
19196
19197
19198
19200
19202
19219
19225
19241
19244
19245
19246
19256
19257
19258
19259
19261
19262
19270
19271
19273
19274
19279
19280
19281
19283
19286
19287
19291
19292
19293
19294
19295
19307
19317
19331
19332
19338
19339
19340
19341
19342
19343
19345
19347
19352
19357
19358
19364
19365
19368
19369
19370
19375
19376
19377
19378
19379
19380
19381
19382
19383
19390
19397
19400
19434
19444
19445
19447
19448
19449
19450
19451
19452
19454
19455
19456
19457
19503
19506
19507
19531
19537
19571
19573
19574
19594
19601
19602
19606
19619
19620
19647
19656
19663
19672
19673
19674
19678
19691
19693
19694
19695
19696
19697
19749
19759
19770
19787
19790
19794
19796
19797
19798
19815
19829
19830
19831
19832
19839
19848
19852
19858
19859
19860
19861
19862
19868
19873
19874
19875
19878
19879
19884
19889
19893
19922
19926
19927
19930
19939
19940
19942
19943
19954
19977
19989
19992
20024
20025
20027
20031
20036
20037
20046
20050
20067
20076
20090
20091
20092
20094
20096
20098
20099
20108
20110
20115
20119
20120
20121
20127
20132
20133
20141
20144
20169
20176
20177
20188
20205
20209
20266
20280
20301
20306
20308
20328
20329
20330
20331
20332
20338
20339
20340
20341
20342
20343
20344
20346
20347
20348
20349
20350
20351
20352
20353
20362
20363
20364
20385
20387
20393
20394
20395
20396
20397
20398
20402
20404
20405
20406
20412
20414
20425
20426
20427
20428
20433
20434
20435
20439
20445
20471
20479
20480
20485
20487
20488
20497
20503
20507
20524
20528
20562
20566
20585
20591
20615
20616
20631
20641
20671
20688
20697
20707
20712
20714
20752
20766
20770
20771
20773
20786
20787
20788
20789
20790
20796
20797
20798
20801
20803
20807
20808
20810
20813
20814
20816
20817
20818
20819
20820
20825
20826
20829
20831
20832
20845
20925
20930
21028
21037
21038
21042
21051
21054
21063
21065
21066
21067
21071
21072
21073
21084
21087
21088
21090
21091
21092
21093
21094
21095
21096
21097
21100
21110
21111
21112
21116
21117
21118
21123
21136
21137
21138
21140
21141
21147
21148
21149
21150
21156
21157
21158
21159
21160
21161
21169
21180
21199
21203
21221
21222
21223
21225
21226
21230
21231
21237
21247
21254
21255
21297
21299
21319
21320
21328
21329
21330
21346
21373
21427
21429
21454
21460
21461
21463
21464
21465
21466
21467
21469
21470
21471
21472
21483
21489
21490
21498
21499
21502
21503
21506
21507
21516
21535
21969
21971
22165
22177
22179
22224
22225
22227
22229
22333
22367
22368
22370
22420
22421
22423
22429
22430
22431
22446
22448
22476
22477
22498
22499
22500
22501
22502
22508
22509
22511
22513
22514
22520
22522
22545
22546
22547
22548
22549
22550
22579
22589
22590
22591
22601
22602
22603
22604
22605
22606
22607
22634
22644
22645
22646
22647
22648
22694
22695
22707
22709
22726
22727
22728
22729
22730
22754
22755
22757
22764
22765
22766
22817
22828
22873
22874
22875
22893
22894
22902
22903
22907
22908
22909
22910
22911
22938
22939
22940
22941
22961
22990
23004
23005
23023
23024
23025
23026
23027
23033
23043
23044
23045
23069
23070
23083
23084
23086
23088
23089
23100
23101
23109
23110
23121
23122
23123
23138
23151
23154
23156
23158
23168
23169
23170
23173
23188
23189
23190
23191
23192
23200
23202
23223
23227
23228
23238
23239
23254
23260
23265
23266
23267
23268
23269
23272
23273
23293
23296
23297
23311
23312
23313
23314
23315
23352
23359
23364
23365
23366
23367
23368
23369
23370
23371
23372
23373
23374
23382
23384
23396
23397
23424
23463
23464
23465
23466
23469
23470
23471
23472
23473
23474
23475
23490
23491
23492
23493
23494
23495
23496
23507
23517
23519
23520
23521
23525
23526
23527
23528
23529
23530
23533
23534
23535
23536
23537
23538
23547
23557
23558
23559
23560
23563
23568
23584
23585
23588
23589
23590
23591
23615
23616
23617
23618
23619
23620
23630
23662
23663
23685
23719
23726
23739
23740
23741
23742
23745
23746
23747
23748
23751
23752
23753
23754
23756
23757
23758
23759
23760
23761
23775
23776
23779
23781
23782
23783
23785
23786
23787
23820
23821
23822
23823
23824
23835
23840
23841
23842
23843
23844
23845
23846
23849
23860
23861
23867
23868
23869
23870
23871
23872
23873
23875
23876
23877
23878
23879
23880
23881
23882
23883
23884
23912
23914
23915
23917
23918
23927
23928
23929
23930
23931
23932
23933
23934
23962
23963
23964
23965
23966
23967
23968
23969
23970
23971
23994
24008
24016
24022
24023
24024
24025
24026
24027
24028
24038
24039
24040
24041
24042
24043
24044
24045
24050
24051
24057
24058
24059
24060
24062
24063
24064
24070
24071
24072
24073
24074
24075
24076
24082
24086
24089
24090
24095
24096
24097
24128
24132
24144
24147
24148
24150
24151
24152
24153
24154
24155
24167
24168
24170
24171
24172
24185
24186
24187
24188
24189
24190
24209
24210
24212
24213
24214
24215
24216
24217
24218
24225
24237
24238
24239
24240
24259
24260
24263
24295
24302
24303
24304
24308
24313
24314
24318
24320
24326
24327
24328
24329
24346
24372
24384
24385
24399
24400
24401
24402
24403
24404
24405
24408
24409
24410
24419
24420
24421
24422
24423
24424
24425
24426
24427
24428
24429
24430
24431
24433
24434
24435
24436
24446
24447
24448
24449
24454
24455
24464
24465
24518
24521
24522
24523
24524
24527
24528
24529
24530
24531
24535
24539
24540
24541
24542
24547
24548
24549
24550
24551
24563
24564
24565
24581
24584
24597
24598
24599
24600
24611
24612
24613
24614
24615
24619
24645
24649
24650
24651
24652
24655
24665
24666
24667
24680
24681
24682
24683
24684
24685
24686
24687
24694
24711
24712
24713
24714
24715
24722
24723
24724
24725
24726
24727
24737
24745
24746
24752
24753
24754
24755
24756
24759
24760
24761
24762
24763
24764
24766
24767
24768
24769
24801
24804
24805
24808
24812
24813
24824
24867
24868
24869
24870
24871
24872
24873
24877
24885
24888
24898
24906
24910
24911
24912
24918
24919
24937
24938
24946
24952
24962
24963
24964
24966
24973
24984
24985
24986
24987
24989
24990
24991
24992
24993
24994
24995
24996
25017
25018
25019
25025
25027
25041
25049
25051
25052
25053
25054
25055
25073
25074
25094
25095
25097
25100
25102
25103
25105
25106
25107
25118
25127
25128
25129
25130
25136
25138
25147
25158
25159
25160
25166
25171
25174
25175
25176
25177
25178
25179
25182
25183
25219
25220
25250
25258
25265
25276
25277
25278
25279
25283
25297
25299
25300
25301
25302
25318
25319
25321
25358
25359
25360
25375
25376
25377
25396
25397
25398
25404
25405
25427
25433
25435
25436
25437
25442
25466
25467
25468
25469
25477
25478
25490
25491
25497
25508
25522
25528
25529
25532
25533
25534
25538
25539
25572
25573
25578
25579
25592
25593
25594
25595
25596
25597
25598
25604
25616
25617
25618
25620
25636
25638
25651
25652
25670
25671
25672
25674
25675
25676
25692
25729
25754
25766
25769
25780
25790
25801
25806
25842
25843
25858
25869
25872
25873
25896
25974
26017
26094
26097
26103
26159
26177
26198
26206
26243
26296
26317
26382
26413
26436
26521
26539
26624
26670
26671
26686
26690
26692
26701
26718
26724
26732
26743
26748
26766
26779
26794
26856
26895
